Algorithm: Betweenness Centrality
Vertex Centrality
0 19392.72
1 39051.28
2 28182.40
3 15545.94
4 6990.33
5 34287.07
6 32249.68
7 15162.66
8 26012.56
9 6688.00
10 12957.72
11 22926.03
12 5210.25
13 15936.49
14 39924.92
15 7347.69
16 14244.00
17 26121.93
18 38807.36
19 1396.84
20 12102.94
21 27563.77
22 20117.95
23 4461.48
24 27717.56
25 6870.61
26 18123.00
27 7429.05
28 24992.11
29 5994.34
30 18173.82
31 7546.81
32 28909.71
33 12683.22
34 22734.53
35 3064.73
36 13609.20
37 6172.07
38 11678.43
39 7342.03
40 46893.24
41 24434.64
42 50642.09
43 12137.56
44 6762.94
45 15353.93
46 8629.37
47 32562.04
48 7603.26
49 14577.37
50 7920.08
51 43661.45
52 11970.63
53 6488.80
54 27009.42
55 33006.09
56 22587.05
57 6765.15
58 20447.74
59 13824.50
60 58682.22
61 9108.14
62 66097.14
63 48370.95
64 11865.09
65 19441.83
66 3281.51
67 6594.67
68 30953.43
69 30129.53
70 7339.07
71 14436.60
72 26192.98
73 4017.95
74 42923.58
75 10179.89
76 26163.48
77 19907.74
78 43625.47
79 23280.64
80 5412.79
81 6230.94
82 17738.85
83 42635.39
84 27220.83
85 3521.74
86 32533.46
87 6500.54
88 948.14
89 30531.95
90 8059.04
91 11783.33
92 21501.45
93 9361.50
94 12082.78
95 18959.88
96 17430.69
97 32862.37
98 9581.79
99 39903.81
100 16886.38
101 17962.28
102 967.25
103 4805.71
104 53253.27
105 49319.19
106 15627.94
107 22756.76
108 3949.67
109 26300.65
110 4041.32
111 21491.75
112 8633.51
113 10818.97
114 9365.10
115 20406.94
116 19903.11
117 24869.65
118 7717.60
119 14227.50
120 29094.05
121 21279.78
122 25722.94
123 11426.52
124 3645.59
125 17579.63
126 20670.95
127 9305.33
128 25993.29
129 35238.22
130 11630.17
131 7221.76
132 42759.70
133 56907.92
134 17677.32
135 7438.63
136 24685.20
137 3248.30
138 3223.76
139 17218.33
140 19849.48
141 9895.81
142 17131.64
143 28641.89
144 7111.77
145 38749.05
146 18874.03
147 27961.11
148 14784.70
149 26829.81
150 37950.69
151 53364.84
152 62718.74
153 8255.57
154 6986.37
155 14946.65
156 31983.60
157 14432.06
158 42466.14
159 15759.20
160 27685.12
161 29932.63
162 11480.49
163 26947.19
164 15156.95
165 23734.31
166 9961.92
167 5965.81
168 18330.09
169 21870.94
170 26705.29
171 4165.18
172 20255.07
173 19169.78
174 32114.12
175 16896.29
176 23298.59
177 18525.72
178 10033.80
179 717.17
180 5600.80
181 25724.41
182 18324.27
183 17379.16
184 39783.35
185 28169.11
186 2841.62
187 3009.71
188 11659.03
189 6479.96
190 33946.39
191 46535.27
192 15027.69
193 43853.92
194 12218.23
195 9962.61
196 16139.66
197 29190.28
198 21847.35
199 35033.02
200 2184.43
201 5536.73
202 4457.09
203 3789.05
204 28602.55
205 31601.57
206 12698.52
207 11570.70
208 16630.77
209 8312.22
210 26759.81
211 52592.90
212 39995.53
213 18478.29
214 9782.31
215 18944.66
216 26582.20
217 27073.22
218 14468.28
219 9937.00
220 10648.51
221 13466.30
222 27196.81
223 4027.99
224 7826.99
225 19684.94
226 3044.12
227 45268.40
228 69931.84
229 31889.58
230 17485.52
231 12560.73
232 1303.42
233 2249.94
234 16714.73
235 19345.89
236 18624.64
237 24147.72
238 11407.14
239 7194.70
240 42786.05
241 23270.10
242 43003.28
243 14051.69
244 2930.45
245 10996.59
246 928.90
247 14910.14
248 27953.13
249 14618.66
250 11567.73
251 9251.08
252 10551.22
253 23452.70
254 13330.57
255 34142.31
256 38601.97
257 35314.57
258 19427.65
259 26994.63
260 11406.05
261 1016.62
262 39274.85
263 25960.55
264 21299.75
265 41398.68
266 27626.20
267 19107.98
268 3599.24
269 17774.59
270 11781.28
271 10656.27
272 31591.75
273 28294.62
274 31840.49
275 15961.69
276 10835.05
277 12136.60
278 10515.16
279 7841.17
280 2689.23
281 4226.31
282 25763.68
283 7494.96
284 24391.79
285 12729.72
286 11291.93
287 55420.40
288 7757.06
289 5307.12
290 6658.50
291 17043.68
292 23671.57
293 10521.49
294 22767.99
295 18175.35
296 16291.59
297 2599.29
298 11359.00
299 30845.26
300 10864.45
301 23842.24
302 49020.52
303 9104.37
304 36138.01
305 28633.15
306 11216.40
307 6708.55
308 24015.66
309 19272.96
310 15122.48
311 8405.57
312 18009.54
313 47581.99
314 4977.97
315 60910.98
316 74598.22
317 36838.95
318 49434.53
319 4403.09
320 54596.06
321 41048.89
322 15296.49
323 26516.51
324 37992.70
325 26245.49
326 2749.77
327 8419.80
328 17822.23
329 10450.13
330 26524.05
331 12328.44
332 11084.82
333 15783.44
334 6901.87
335 18021.53
336 8063.95
337 6773.87
338 31663.20
339 41107.03
340 23704.17
341 4655.99
342 21309.71
343 7362.86
344 9281.18
345 38221.03
346 16128.70
347 27275.79
348 16853.03
349 21469.44
350 8720.96
351 5735.02
352 1504.22
353 30862.05
354 14080.91
355 23195.43
356 30544.43
357 22004.23
358 66993.28
359 24861.39
360 16571.38
361 22770.68
362 14784.95
363 11405.89
364 12645.77
365 18116.86
366 31863.95
367 21180.87
368 11813.73
369 4983.41
370 4165.32
371 34209.62
372 8619.61
373 67954.62
374 19664.53
375 5562.20
376 18624.47
377 34819.94
378 5172.48
379 10426.16
380 8264.19
381 13351.15
382 21622.68
383 17768.26
384 23456.59
385 9241.60
386 6875.92
387 18990.66
388 2594.51
389 13278.84
390 15733.04
391 3930.76
392 37234.55
393 26319.42
394 44937.65
395 41216.03
396 10153.70
397 16166.19
398 6716.31
399 26228.86
400 18912.35
401 43020.65
402 17442.07
403 9351.61
404 4206.54
405 63802.24
406 24194.61
407 34402.41
408 9695.14
409 780.19
410 6945.87
411 7172.73
412 3195.87
413 18931.50
414 47515.84
415 14336.70
416 2591.58
417 7939.73
418 13586.19
419 44457.01
420 23286.63
421 62404.84
422 31013.29
423 11122.39
424 27041.89
425 20202.71
426 30533.36
427 5602.76
428 18107.49
429 9193.88
430 24863.32
431 19285.78
432 26092.04
433 36481.86
434 17526.62
435 2514.31
436 17132.28
437 4417.59
438 2997.65
439 12345.49
440 18963.14
441 17456.25
442 16137.14
443 3920.36
444 21744.21
445 5147.35
446 7753.44
447 14371.14
448 7976.93
449 32581.49
450 14938.49
451 14592.83
452 911.16
453 14122.73
454 9956.69
455 10760.75
456 15419.69
457 3198.66
458 30036.11
459 6190.53
460 11047.85
461 1135.23
462 35072.15
463 10737.62
464 9111.12
465 4498.37
466 5310.31
467 20700.15
468 43685.98
469 55493.06
470 12725.53
471 24815.80
472 22703.21
473 14787.77
474 25762.66
475 24805.79
476 16964.13
477 3760.63
478 29852.03
479 31968.72
480 25820.20
481 48097.52
482 11565.14
483 10249.56
484 12280.00
485 11373.08
486 7677.93
487 23148.29
488 18266.86
489 17525.51
490 7034.82
491 1215.40
492 35692.90
493 11478.22
494 17351.71
495 2700.48
496 15231.77
497 859.48
498 18739.11
499 28051.13
500 23726.78
501 28763.01
502 22020.14
503 3597.38
504 23260.04
505 21937.30
506 22292.43
507 25153.79
508 11658.23
509 14213.23
510 17209.90
511 17826.34
512 16435.42
513 21980.36
514 11176.19
515 12184.68
516 47816.77
517 26800.00
518 41400.35
519 12752.99
520 15563.70
521 4070.32
522 24951.82
523 11805.25
524 12904.71
525 14516.56
526 5518.81
527 34367.67
528 9926.30
529 12711.11
530 13380.06
531 66437.13
532 63132.05
533 36041.88
534 15291.21
535 34509.76
536 12712.20
537 17741.46
538 7509.08
539 21848.11
540 10612.22
541 11873.08
542 13229.97
543 17882.11
544 7261.52
545 17948.01
546 11908.13
547 38536.12
548 63946.13
549 9008.69
550 14618.48
551 3379.24
552 23733.46
553 30847.93
554 25963.98
555 11332.81
556 24428.86
557 21940.04
558 18449.31
559 10763.36
560 13258.69
561 7113.38
562 16147.18
563 3011.81
564 10796.70
565 11923.70
566 22710.30
567 7054.57
568 6275.51
569 11145.86
570 14394.59
571 93423.01
572 36675.93
573 24993.07
574 17674.28
575 38744.58
576 6872.88
577 25620.73
578 3368.20
579 3443.20
580 24175.26
581 20292.46
582 16934.43
583 10241.91
584 16936.79
585 22972.26
586 19230.42
587 11328.86
588 6695.75
589 19183.27
590 44867.53
591 7987.11
592 9021.59
593 24473.06
594 22917.34
595 21193.83
596 3984.63
597 24829.28
598 12757.52
599 18914.42
600 31251.24
601 58744.87
602 41463.42
603 14193.43
604 18478.45
605 10057.85
606 59358.05
607 55309.47
608 11889.82
609 26914.80
610 11256.51
611 8075.94
612 5649.04
613 12321.39
614 58321.66
615 27451.51
616 8992.80
617 8716.13
618 15365.88
619 24247.93
620 29492.60
621 11372.97
622 7214.25
623 2847.16
624 5918.20
625 3384.85
626 26756.37
627 21099.18
628 15372.48
629 30762.18
630 35923.59
631 11988.80
632 23341.11
633 6534.47
634 3773.86
635 17920.35
636 16524.22
637 25322.87
638 6666.99
639 30707.50
640 26112.23
641 55592.03
642 1359.40
643 30496.45
644 25964.21
645 33451.64
646 22735.75
647 29043.76
648 24289.92
649 8939.46
650 24388.40
651 38931.08
652 66134.79
653 26214.63
654 6826.90
655 16305.50
656 5643.58
657 6901.52
658 9987.61
659 18771.06
660 29917.15
661 19110.83
662 17831.93
663 13035.06
664 20340.37
665 12971.20
666 26481.50
667 36878.54
668 27038.42
669 8259.31
670 5715.99
671 8701.47
672 17509.00
673 37280.79
674 38473.36
675 8971.66
676 909.31
677 14873.84
678 16986.83
679 29221.49
680 24300.34
681 33760.34
682 5766.58
683 12198.82
684 36199.96
685 32053.01
686 31007.89
687 7127.69
688 18870.62
689 18553.53
690 7521.16
691 2650.22
692 15643.90
693 23934.17
694 6978.18
695 21865.18
696 11643.68
697 18685.64
698 24704.69
699 18228.72
700 18021.23
701 25901.36
702 3808.20
703 21672.61
704 14106.50
705 5943.32
706 8471.29
707 36824.91
708 66679.23
709 27753.86
710 7529.57
711 9530.02
712 29752.59
713 22328.69
714 20103.19
715 6648.69
716 36563.13
717 15632.20
718 20861.23
719 21058.97
720 33669.58
721 24865.10
722 9065.54
723 31412.51
724 33868.11
725 7496.60
726 6430.56
727 17092.26
728 5790.14
729 13321.74
730 15426.74
731 31091.72
732 37147.72
733 20481.71
734 11738.94
735 18958.57
736 15023.06
737 12494.94
738 24605.14
739 29480.66
740 11604.90
741 34513.00
742 60855.39
743 34508.98
744 3629.44
745 6835.16
746 11013.31
747 6429.95
748 23095.29
749 9102.95
750 8998.51
751 30277.93
752 25010.79
753 32136.58
754 38689.95
755 14104.00
756 11152.80
757 19457.59
758 44855.84
759 37180.44
760 17645.92
761 19465.15
762 33621.26
763 4422.93
764 11774.36
765 11948.46
766 18406.65
767 25933.35
768 45649.40
769 7885.97
770 10785.51
771 9420.57
772 10281.75
773 7313.82
774 16926.75
775 26652.46
776 22168.79
777 25052.65
778 5630.93
779 148399.03
780 29592.97
781 12435.84
782 21825.55
783 27620.92
784 27516.69
785 19200.42
786 20984.75
787 10232.96
788 5456.97
789 22404.91
790 1127.00
791 19294.45
792 38896.39
793 32964.67
794 7756.30
795 10893.43
796 14426.01
797 4428.99
798 25714.33
799 1345.81
800 19147.70
801 52411.21
802 11103.63
803 4409.05
804 36601.60
805 9271.58
806 14381.49
807 28917.65
808 22418.79
809 10047.63
810 6190.69
811 10579.61
812 8305.35
813 48665.55
814 15791.54
815 24439.52
816 11339.26
817 21731.86
818 15772.74
819 28361.81
820 20383.89
821 5569.30
822 11172.36
823 17427.63
824 38934.49
825 44939.40
826 1449.29
827 6456.55
828 30447.13
829 18075.30
830 31196.80
831 4022.21
832 12941.33
833 846.89
834 8733.66
835 4290.60
836 2783.63
837 25605.10
838 18498.42
839 11927.94
840 22840.05
841 36909.63
842 3952.57
843 5314.35
844 4346.10
845 22686.02
846 21979.98
847 3698.17
848 7848.99
849 24316.38
850 10995.33
851 1015.28
852 18634.82
853 14747.15
854 20151.50
855 81536.58
856 20116.87
857 11158.50
858 23316.20
859 4818.54
860 15845.10
861 12858.92
862 4026.12
863 12427.75
864 25634.55
865 6998.77
866 24458.87
867 42953.66
868 22659.39
869 23309.77
870 24587.31
871 31092.17
872 8503.45
873 9534.28
874 3076.44
875 8531.14
876 13914.28
877 14025.60
878 3251.34
879 7161.52
880 47640.79
881 25361.12
882 30399.45
883 32030.71
884 42399.82
885 8868.72
886 7377.60
887 3549.87
888 27134.66
889 57393.14
890 7721.63
891 3761.21
892 11075.43
893 4332.23
894 47476.20
895 27084.74
896 37971.69
897 57076.35
898 8907.45
899 24880.39
900 3212.58
901 7669.72
902 29149.87
903 15483.93
904 16997.07
905 21381.03
906 20247.51
907 39990.38
908 25516.23
909 17721.11
910 21645.79
911 18325.51
912 8640.30
913 10968.55
914 6629.27
915 14404.01
916 17253.16
917 20521.74
918 11101.14
919 22713.63
920 7082.71
921 21353.61
922 35984.31
923 25487.71
924 38601.99
925 41417.04
926 17767.06
927 27083.15
928 10207.95
929 23118.28
930 7396.25
931 8496.36
932 3249.24
933 21428.66
934 24784.06
935 10082.18
936 12863.81
937 22873.33
938 11045.34
939 7841.79
940 49921.10
941 39225.69
942 15533.89
943 28124.93
944 18094.98
945 6786.11
946 21861.52
947 10110.36
948 10439.88
949 9192.77
950 26078.75
951 17961.14
952 11744.88
953 9624.08
954 8036.28
955 24192.46
956 25325.94
957 39494.41
958 21982.47
959 34034.10
960 43926.71
961 28715.82
962 18717.06
963 30817.94
964 33682.78
965 2812.83
966 25946.07
967 6569.89
968 8783.19
969 24168.23
970 6928.22
971 36045.85
972 1425.51
973 18179.54
974 7444.28
975 39058.13
976 44048.68
977 1653.08
978 51958.44
979 49002.20
980 23232.58
981 11451.48
982 16169.75
983 26726.05
984 34745.94
985 10648.36
986 22036.06
987 39882.05
988 12344.97
989 20565.99
990 36840.79
991 13827.69
992 48483.57
993 17979.86
994 6601.06
995 9864.56
996 7875.46
997 27444.05
998 36942.74
999 21947.47
1000 12844.46
1001 8351.23
1002 39673.39
1003 34610.35
1004 21794.36
1005 15849.61
1006 43683.51
1007 19243.18
1008 7104.34
1009 34011.93
1010 27246.71
1011 58830.52
1012 22927.53
1013 10287.90
1014 15527.81
1015 12791.20
1016 45646.45
1017 11255.68
1018 28748.74
1019 32090.30
1020 18579.44
1021 26399.58
1022 35530.88
1023 42960.90
1024 30258.37
1025 31561.17
1026 18266.90
1027 28518.73
1028 12049.19
1029 35890.12
1030 36108.99
1031 21334.44
1032 3668.90
1033 44126.11
1034 92182.02
1035 50672.27
1036 8071.92
1037 6416.34
1038 19191.16
1039 3739.49
1040 2699.65
1041 18324.49
1042 21468.19
1043 33387.58
1044 33625.02
1045 12078.72
1046 45092.04
1047 25196.14
1048 35563.32
1049 49157.77
1050 26568.61
1051 11603.77
1052 26587.41
1053 15140.86
1054 14323.04
1055 41982.73
1056 30137.48
1057 32610.07
1058 13481.40
1059 8223.01
1060 24365.36
1061 3404.46
1062 31272.76
1063 29834.70
1064 34779.41
1065 20876.61
1066 24392.14
1067 15835.37
1068 4458.37
1069 26063.70
1070 4161.57
1071 26529.53
1072 3484.93
1073 3426.14
1074 42735.56
1075 29550.13
1076 12918.22
1077 6740.83
1078 1139.10
1079 23279.91
1080 12419.89
1081 14778.13
1082 25191.10
1083 8164.14
1084 11212.25
1085 19477.55
1086 12519.98
1087 5106.64
1088 7042.37
1089 9847.19
1090 21632.78
1091 36256.51
1092 36466.38
1093 28485.55
1094 63220.59
1095 4932.18
1096 22211.17
1097 22859.90
1098 3762.58
1099 1551.13
1100 46934.63
1101 26593.55
1102 9281.02
1103 55971.63
1104 52944.44
1105 21179.30
1106 18500.68
1107 20747.00
1108 17997.37
1109 9608.43
1110 1290.51
1111 29423.96
1112 60045.53
1113 23353.63
1114 8935.75
1115 25640.48
1116 43307.51
1117 21371.56
1118 36158.55
1119 7700.97
1120 20030.95
1121 12227.85
1122 22554.06
1123 11120.15
1124 3965.85
1125 12483.80
1126 29215.13
1127 4396.70
1128 6105.60
1129 18441.64
1130 30182.36
1131 3731.05
1132 21509.67
1133 10547.89
1134 35944.97
1135 11984.47
1136 18376.95
1137 48030.81
1138 1293.70
1139 6967.81
1140 18593.62
1141 36915.22
1142 36799.85
1143 22456.70
1144 40660.67
1145 25097.86
1146 13865.44
1147 43017.59
1148 38874.79
1149 13083.27
1150 8982.94
1151 11868.73
1152 16658.87
1153 14447.38
1154 10846.93
1155 13039.06
1156 5645.36
1157 5469.71
1158 4034.45
1159 4120.05
1160 7497.50
1161 12864.49
1162 21582.88
1163 10634.33
1164 22450.71
1165 25738.35
1166 9996.85
1167 11171.31
1168 9796.26
1169 32599.76
1170 17105.55
1171 70310.80
1172 19993.91
1173 25255.62
1174 21182.14
1175 34954.98
1176 79763.16
1177 13789.12
1178 20123.25
1179 13772.31
1180 16521.28
1181 35879.17
1182 8524.79
1183 51744.17
1184 9301.01
1185 19038.32
1186 31148.52
1187 7581.44
1188 2592.16
1189 16392.13
1190 22510.58
1191 48825.52
1192 19304.56
1193 27283.25
1194 32276.89
1195 3831.38
1196 25900.90
1197 16722.07
1198 18300.26
1199 20935.96
1200 10446.04
1201 9596.93
1202 12987.48
1203 32361.29
1204 23304.08
1205 39162.52
1206 17941.31
1207 7497.29
1208 10122.31
1209 33511.53
1210 30390.62
1211 26782.67
1212 56789.43
1213 10520.80
1214 10308.40
1215 3871.45
1216 27631.56
1217 8514.19
1218 10844.15
1219 3990.11
1220 9095.02
1221 11797.08
1222 8522.62
1223 9240.76
1224 23709.77
1225 15372.67
1226 7433.20
1227 33935.16
1228 43444.96
1229 33195.62
1230 11054.30
1231 12765.83
1232 18340.53
1233 6159.80
1234 11299.92
1235 20716.25
1236 11604.80
1237 18286.54
1238 20008.23
1239 16954.78
1240 5681.43
1241 3423.29
1242 34620.52
1243 10743.71
1244 7326.75
1245 17432.51
1246 5412.06
1247 5406.62
1248 16330.17
1249 8448.15
1250 17860.97
1251 9866.80
1252 3903.34
1253 16455.07
1254 26839.39
1255 18798.00
1256 12189.28
1257 27342.52
1258 26275.27
1259 38721.05
1260 42399.04
1261 15347.71
1262 24906.39
1263 22930.04
1264 3916.92
1265 19265.10
1266 16891.48
1267 6800.26
1268 14303.28
1269 14523.98
1270 2629.92
1271 11250.56
1272 16137.98
1273 19145.92
1274 46134.05
1275 30066.41
1276 7089.26
1277 21517.73
1278 7255.88
1279 30530.18
1280 19413.26
1281 13820.06
1282 17463.56
1283 18355.96
1284 17380.93
1285 22566.46
1286 27413.33
1287 3756.57
1288 24696.61
1289 15293.30
1290 3857.32
1291 36771.01
1292 43519.46
1293 47300.22
1294 15519.55
1295 22993.18
1296 35118.80
1297 47728.51
1298 10155.73
1299 10493.60
1300 11714.00
1301 21353.90
1302 24635.03
1303 21303.21
1304 11631.60
1305 53971.64
1306 21183.56
1307 48002.30
1308 12092.35
1309 13210.49
1310 19715.44
1311 18812.86
1312 3621.02
1313 6825.32
1314 6322.20
1315 17038.62
1316 8147.99
1317 34854.74
1318 29028.64
1319 15155.58
1320 3920.54
1321 1125.01
1322 14507.44
1323 19402.69
1324 9763.80
1325 7435.86
1326 17637.53
1327 15183.41
1328 30920.32
1329 9947.79
1330 6203.78
1331 11306.71
1332 7244.17
1333 6861.77
1334 35225.85
1335 3583.10
1336 7711.57
1337 14859.23
1338 34345.81
1339 15033.48
1340 21414.73
1341 17148.34
1342 20292.87
1343 7341.74
1344 9188.17
1345 38318.23
1346 15059.81
1347 9981.57
1348 14477.89
1349 47929.20
1350 8610.95
1351 31487.69
1352 23341.29
1353 4939.13
1354 6761.42
1355 27658.41
1356 17350.90
1357 12684.32
1358 3893.79
1359 2350.70
1360 13753.91
1361 1334.51
1362 19774.48
1363 8015.38
1364 15062.46
1365 1172.18
1366 24302.91
1367 36725.11
1368 54739.98
1369 25221.97
1370 11992.65
1371 22677.26
1372 5039.96
1373 17096.88
1374 53268.99
1375 8129.97
1376 18991.39
1377 36160.12
1378 24993.21
1379 28569.12
1380 6759.17
1381 10360.44
1382 2646.16
1383 6186.99
1384 30362.87
1385 10803.31
1386 13002.80
1387 7352.35
1388 27068.35
1389 11843.32
1390 17716.96
1391 70850.30
1392 9510.19
1393 9797.73
1394 4419.46
1395 14148.72
1396 11940.22
1397 6112.04
1398 16776.09
1399 28878.86
1400 4100.72
1401 20948.75
1402 23617.29
1403 20535.25
1404 3399.58
1405 3117.95
1406 18310.24
1407 17605.75
1408 3417.72
1409 19988.49
1410 41390.21
1411 71460.85
1412 16414.24
1413 18672.86
1414 21217.13
1415 28300.70
1416 12294.86
1417 11696.71
1418 13395.77
1419 19825.44
1420 12604.97
1421 18748.52
1422 35835.05
1423 39420.52
1424 24788.80
1425 18224.06
1426 30283.81
1427 18337.46
1428 3405.45
1429 11763.94
1430 32662.67
1431 26099.85
1432 25690.86
1433 7954.39
1434 15495.22
1435 12760.54
1436 20462.90
1437 11609.41
1438 12149.04
1439 39182.59
1440 52082.75
1441 15930.78
1442 12972.84
1443 19147.33
1444 16249.07
1445 6715.28
1446 5567.74
1447 3116.95
1448 17260.44
1449 34311.79
1450 3910.68
1451 23451.41
1452 25011.71
1453 22148.15
1454 10274.53
1455 23373.74
1456 18712.77
1457 13277.85
1458 32735.04
1459 13285.50
1460 44633.13
1461 41131.05
1462 5805.75
1463 20124.38
1464 7956.50
1465 16708.01
1466 7133.49
1467 33836.88
1468 30420.23
1469 1372.19
1470 21718.33
1471 7579.24
1472 12457.85
1473 14433.24
1474 9823.23
1475 31107.28
1476 10115.80
1477 11015.50
1478 7224.63
1479 18255.68
1480 7932.74
1481 29158.21
1482 10674.74
1483 30476.93
1484 34627.37
1485 28585.49
1486 33949.11
1487 19750.97
1488 13191.86
1489 18944.16
1490 19151.86
1491 45571.42
1492 30415.37
1493 6656.97
1494 16645.51
1495 19976.44
1496 25811.71
1497 14543.54
1498 59437.50
1499 24534.38
1500 27353.09
1501 22002.63
1502 7452.83
1503 8990.20
1504 6626.88
1505 10520.07
1506 26925.56
1507 42116.03
1508 81082.88
1509 17060.36
1510 58029.05
1511 24335.66
1512 15612.29
1513 7542.04
1514 36276.19
1515 7729.42
1516 26971.53
1517 7184.56
1518 6033.19
1519 20984.17
1520 21694.16
1521 37926.93
1522 5446.32
1523 5639.73
1524 3366.81
1525 26102.51
1526 11564.43
1527 24886.35
1528 10304.69
1529 10341.88
1530 13222.84
1531 14900.09
1532 10888.43
1533 20911.31
1534 22106.88
1535 38144.67
1536 23464.10
1537 31022.97
1538 3926.00
1539 49990.38
1540 12162.57
1541 6184.92
1542 31660.96
1543 11590.86
1544 46284.86
1545 1971.83
1546 48750.12
1547 17694.87
1548 39018.56
1549 31978.73
1550 62267.19
1551 64490.46
1552 15866.21
1553 5755.22
1554 14023.81
1555 27195.68
1556 13200.88
1557 40893.20
1558 10544.09
1559 25231.64
1560 18143.04
1561 24114.73
1562 22114.73
1563 6781.68
1564 2845.09
1565 15879.85
1566 3664.24
1567 12356.91
1568 19160.34
1569 26992.10
1570 9330.92
1571 21321.36
1572 6500.92
1573 18010.83
1574 41286.20
1575 17416.13
1576 10879.45
1577 17657.55
1578 25647.97
1579 4489.01
1580 5219.48
1581 12492.18
1582 16853.57
1583 16954.00
1584 18269.07
1585 49716.02
1586 7835.39
1587 74879.37
1588 24612.12
1589 16509.10
1590 18649.22
1591 23602.37
1592 25038.39
1593 17012.90
1594 24219.74
1595 37432.72
1596 52418.50
1597 32514.52
1598 23579.04
1599 27232.66
1600 14930.66
1601 9459.42
1602 50273.91
1603 11789.24
1604 13556.83
1605 8680.92
1606 4214.55
1607 48022.49
1608 21655.39
1609 23804.15
1610 16397.13
1611 10596.24
1612 9773.91
1613 28444.60
1614 23429.30
1615 9527.32
1616 15207.00
1617 1908.02
1618 82375.86
1619 87964.44
1620 62760.66
1621 20146.80
1622 36365.91
1623 31144.55
1624 18641.18
1625 2690.26
1626 16329.35
1627 48086.93
1628 28390.15
1629 27558.16
1630 25606.72
1631 13575.85
1632 49652.59
1633 12658.74
1634 6785.02
1635 19021.11
1636 7525.55
1637 1248.17
1638 35039.42
1639 25585.80
1640 26755.89
1641 13850.30
1642 26210.62
1643 13779.47
1644 7334.64
1645 25559.99
1646 13691.72
1647 917.94
1648 4827.41
1649 47950.74
1650 45725.60
1651 43320.06
1652 12331.33
1653 21566.54
1654 19377.62
1655 6375.80
1656 7775.56
1657 2375.95
1658 14112.98
1659 18145.52
1660 8229.89
1661 7346.54
1662 27527.73
1663 7807.83
1664 1766.23
1665 9632.82
1666 12115.53
1667 18263.70
1668 13206.10
1669 33823.29
1670 9666.34
1671 12305.59
1672 37550.25
1673 29413.88
1674 21780.90
1675 15580.07
1676 11432.16
1677 21804.87
1678 11611.42
1679 12558.86
1680 27971.20
1681 16698.80
1682 17394.06
1683 26883.44
1684 3759.40
1685 22715.64
1686 26561.66
1687 62628.58
1688 13140.74
1689 16821.93
1690 11048.72
1691 9914.77
1692 29693.77
1693 11100.19
1694 16898.04
1695 10461.07
1696 23249.66
1697 3642.60
1698 23473.81
1699 16848.52
1700 18032.67
1701 36266.24
1702 25137.41
1703 41993.31
1704 15375.21
1705 55326.85
1706 25846.30
1707 26789.77
1708 6809.67
1709 14536.68
1710 20080.34
1711 3830.36
1712 6877.97
1713 10523.32
1714 23084.54
1715 16453.88
1716 19409.06
1717 11809.60
1718 8293.75
1719 27867.65
1720 12431.41
1721 15949.92
1722 18113.83
1723 16182.53
1724 9319.63
1725 17373.34
1726 7278.24
1727 6181.80
1728 16856.38
1729 9927.01
1730 7832.20
1731 17539.92
1732 15210.13
1733 25274.07
1734 18091.08
1735 16662.89
1736 13443.90
1737 19420.12
1738 25172.40
1739 13944.44
1740 26590.56
1741 44506.09
1742 24705.60
1743 18953.12
1744 4184.94
1745 12313.75
1746 24005.04
1747 24803.12
1748 12522.60
1749 2898.49
1750 3300.03
1751 11729.27
1752 12877.46
1753 2953.92
1754 10432.69
1755 11875.73
1756 15166.33
1757 24944.00
1758 33747.26
1759 3999.16
1760 7145.05
1761 3066.23
1762 8718.26
1763 10209.62
1764 7268.94
1765 10523.14
1766 5500.61
1767 76578.86
1768 28821.02
1769 13271.12
1770 15594.52
1771 6317.00
1772 16552.15
1773 36441.20
1774 25671.96
1775 30923.20
1776 16027.55
1777 36854.26
1778 46487.19
1779 14784.30
1780 25716.17
1781 17996.95
1782 16050.01
1783 22888.54
1784 104706.90
1785 47076.09
1786 11774.74
1787 5703.62
1788 14726.95
1789 16558.31
1790 3726.41
1791 11826.42
1792 6085.05
1793 10625.47
1794 10774.61
1795 7459.29
1796 34154.19
1797 42279.11
1798 40467.29
1799 45883.53
1800 12098.56
1801 24673.92
1802 10797.69
1803 25261.39
1804 6380.06
1805 18640.07
1806 30196.70
1807 6059.02
1808 12748.47
1809 40088.01
1810 45097.09
1811 18689.94
1812 5945.24
1813 6393.34
1814 13224.50
1815 29241.30
1816 5851.76
1817 6069.04
1818 7592.97
1819 23216.20
1820 12939.00
1821 12597.01
1822 35210.10
1823 11828.47
1824 17026.55
1825 15709.45
1826 11778.54
1827 9822.58
1828 3650.24
1829 3580.51
1830 6255.21
1831 12736.88
1832 36934.55
1833 5132.81
1834 5187.23
1835 11039.74
1836 804.99
1837 17079.10
1838 9263.57
1839 25337.71
1840 20655.65
1841 37083.87
1842 28591.56
1843 16348.09
1844 21791.61
1845 23830.46
1846 6831.33
1847 31474.43
1848 4491.13
1849 8478.37
1850 1074.74
1851 18049.15
1852 20569.74
1853 17668.49
1854 3404.30
1855 29246.00
1856 33908.60
1857 10954.79
1858 23722.66
1859 3052.71
1860 16861.73
1861 10144.01
1862 10346.41
1863 10030.39
1864 33113.68
1865 7501.39
1866 36358.50
1867 39920.32
1868 14005.40
1869 9679.11
1870 23728.30
1871 10955.13
1872 27767.30
1873 3754.56
1874 10699.62
1875 36044.79
1876 55300.70
1877 23834.62
1878 27383.20
1879 14244.34
1880 10788.13
1881 10423.11
1882 30298.69
1883 16602.56
1884 6734.55
1885 25647.20
1886 19894.53
1887 13359.97
1888 4536.35
1889 44981.91
1890 21437.22
1891 4523.15
1892 101479.89
1893 37570.90
1894 8344.32
1895 4703.60
1896 10919.75
1897 8177.98
1898 6600.65
1899 9475.92
1900 30544.36
1901 43055.53
1902 35843.70
1903 4663.17
1904 2478.75
1905 6105.50
1906 18291.85
1907 36820.62
1908 33594.58
1909 29319.55
1910 28469.87
1911 2697.11
1912 11348.68
1913 5964.25
1914 5918.46
1915 17668.88
1916 60957.23
1917 24403.99
1918 6074.41
1919 9177.72
1920 11028.08
1921 15650.82
1922 990.39
1923 12245.62
1924 8057.62
1925 9197.56
1926 52857.33
1927 7921.43
1928 21675.33
1929 8362.68
1930 9323.26
1931 11573.22
1932 33699.75
1933 20931.39
1934 61650.40
1935 25665.84
1936 13868.16
1937 5642.51
1938 20386.90
1939 30239.13
1940 6472.27
1941 8369.61
1942 27195.39
1943 42954.29
1944 39965.30
1945 24442.60
1946 17444.02
1947 30460.83
1948 24415.53
1949 11102.14
1950 3294.40
1951 16300.02
1952 36611.85
1953 21995.72
1954 46529.35
1955 8550.38
1956 12635.24
1957 9283.45
1958 7084.01
1959 13003.99
1960 33504.24
1961 53272.94
1962 15024.20
1963 3517.60
1964 14080.02
1965 14709.57
1966 16422.99
1967 6593.36
1968 9803.30
1969 14770.58
1970 24344.10
1971 8460.86
1972 9635.34
1973 22728.91
1974 44739.77
1975 25286.17
1976 1080.60
1977 7731.45
1978 6368.83
1979 23573.32
1980 23238.04
1981 18290.44
1982 16453.82
1983 7405.74
1984 30157.57
1985 19060.93
1986 7720.25
1987 25631.29
1988 18469.74
1989 3841.10
1990 30433.34
1991 11869.61
1992 11613.39
1993 31606.82
1994 14669.27
1995 9062.80
1996 41359.93
1997 13619.23
1998 51464.18
1999 1410.26
2000 20198.26
2001 16714.13
2002 6982.06
2003 40834.87
2004 3893.22
2005 31579.17
2006 88920.97
2007 45006.00
2008 23085.16
2009 26438.77
2010 7954.53
2011 17409.77
2012 16555.51
2013 13872.84
2014 54312.81
2015 3362.58
2016 5870.30
2017 6029.03
2018 9727.10
2019 15414.62
2020 38256.38
2021 46576.47
2022 38388.01
2023 9606.74
2024 3240.69
2025 36839.60
2026 10493.85
2027 7625.98
2028 36001.75
2029 15935.62
2030 36687.92
2031 10522.69
2032 27759.22
2033 49310.78
2034 22756.05
2035 6426.49
2036 10551.01
2037 38681.30
2038 15153.60
2039 16103.06
2040 11243.66
2041 31519.92
2042 7809.33
2043 35846.92
2044 29831.45
2045 35914.28
2046 6871.52
2047 10338.72
2048 34630.78
2049 11289.50
2050 6253.83
2051 13340.20
2052 115469.21
2053 53808.35
2054 48428.19
2055 30001.74
2056 20646.33
2057 12516.14
2058 22954.36
2059 17897.98
2060 26300.95
2061 21079.92
2062 37892.63
2063 23930.82
2064 11512.37
2065 35979.25
2066 21907.05
2067 11191.90
2068 30053.57
2069 27488.18
2070 21367.00
2071 25865.50
2072 46354.93
2073 19893.48
2074 26245.65
2075 22556.27
2076 6443.57
2077 6260.30
2078 14186.29
2079 18777.65
2080 30272.17
2081 3659.34
2082 4970.07
2083 10862.76
2084 11302.39
2085 11256.95
2086 26758.27
2087 3687.52
2088 6676.33
2089 29461.86
2090 12938.47
2091 3322.39
2092 42304.42
2093 22892.11
2094 23554.85
2095 21433.26
2096 30373.62
2097 42568.28
2098 9631.49
2099 10879.04
2100 6879.35
2101 9940.81
2102 22276.15
2103 2957.43
2104 8496.29
2105 43780.41
2106 8735.96
2107 20075.37
2108 26758.48
2109 45376.45
2110 7984.24
2111 37866.22
2112 41906.73
2113 21150.98
2114 25995.96
2115 20699.00
2116 22162.63
2117 12779.49
2118 11506.11
2119 64491.55
2120 12953.90
2121 10803.83
2122 5581.89
2123 14881.01
2124 38914.59
2125 17575.91
2126 7041.98
2127 25869.42
2128 9899.46
2129 6498.07
2130 10566.27
2131 1085.04
2132 14823.95
2133 11742.54
2134 9979.28
2135 15904.09
2136 17093.38
2137 21005.12
2138 13682.03
2139 16511.64
2140 6685.26
2141 7353.13
2142 12498.38
2143 5406.47
2144 6960.48
2145 21794.48
2146 10478.72
2147 6706.80
2148 14518.48
2149 14900.21
2150 17599.75
2151 32821.58
2152 27061.16
2153 7259.80
2154 38182.32
2155 8000.65
2156 35443.80
2157 40222.54
2158 47311.04
2159 34719.54
2160 97415.84
2161 31128.07
2162 14081.79
2163 7911.63
2164 16257.90
2165 8275.92
2166 16822.48
2167 17066.61
2168 39902.38
2169 3994.50
2170 15310.28
2171 5246.17
2172 4598.26
2173 8143.49
2174 4534.53
2175 30407.89
2176 13347.85
2177 10685.22
2178 24844.16
2179 44813.44
2180 21063.18
2181 31245.26
2182 24126.66
2183 15321.31
2184 25042.17
2185 7903.12
2186 9995.53
2187 927.31
2188 16813.89
2189 11309.62
2190 1259.83
2191 29740.57
2192 23979.58
2193 30333.62
2194 63132.40
2195 4815.93
2196 16690.07
2197 3405.15
2198 16193.34
2199 24886.08
2200 48006.90
2201 56942.16
2202 23767.68
2203 1639.34
2204 42428.33
2205 6720.61
2206 14965.70
2207 6605.57
2208 29957.65
2209 39429.48
2210 15128.95
2211 16117.00
2212 22246.06
2213 10586.06
2214 17497.93
2215 20389.30
2216 14353.18
2217 4803.80
2218 6959.13
2219 25441.43
2220 52869.10
2221 35517.73
2222 8339.59
2223 33397.94
2224 1320.48
2225 6835.14
2226 1351.32
2227 28793.28
2228 11042.59
2229 6444.62
2230 20660.18
2231 33068.71
2232 50038.02
2233 19665.67
2234 3790.44
2235 14567.50
2236 36377.78
2237 22546.92
2238 16738.14
2239 1306.50
2240 22014.93
2241 13537.06
2242 31325.83
2243 3301.16
2244 14281.55
2245 8909.83
2246 23345.16
2247 9436.16
2248 9807.96
2249 14998.32
2250 20292.25
2251 17390.48
2252 36907.45
2253 7843.49
2254 29373.36
2255 6333.27
2256 21408.22
2257 16863.04
2258 37139.09
2259 7165.12
2260 13150.44
2261 7158.21
2262 19450.21
2263 14294.12
2264 5193.08
2265 10183.11
2266 32250.99
2267 23726.93
2268 9624.88
2269 58312.36
2270 53522.85
2271 50353.25
2272 13084.57
2273 2480.64
2274 6887.31
2275 6319.04
2276 29437.73
2277 29448.63
2278 49996.61
2279 48768.26
2280 17467.46
2281 23972.65
2282 31256.34
2283 23398.96
2284 23266.97
2285 12908.05
2286 9611.28
2287 19054.54
2288 40328.32
2289 7236.50
2290 5822.43
2291 16290.02
2292 28051.46
2293 19159.00
2294 3560.37
2295 5369.76
2296 7120.75
2297 9195.47
2298 11955.77
2299 37107.64
2300 13872.28
2301 26753.46
2302 4105.90
2303 21755.55
2304 16860.92
2305 14015.93
2306 17140.17
2307 17864.32
2308 3893.72
2309 27752.75
2310 8840.21
2311 23899.57
2312 20153.54
2313 2805.32
2314 10719.30
2315 16939.60
2316 7884.34
2317 49670.41
2318 25032.30
2319 11565.71
2320 2993.17
2321 22164.52
2322 16263.14
2323 13460.34
2324 16044.86
2325 12248.24
2326 9093.72
2327 7778.04
2328 10009.01
2329 11573.63
2330 3163.74
2331 7735.20
2332 50787.82
2333 28397.76
2334 18406.56
2335 50136.60
2336 4274.48
2337 9558.23
2338 18242.50
2339 24376.48
2340 12864.71
2341 34457.34
2342 7095.59
2343 18714.68
2344 22885.12
2345 31736.47
2346 3499.15
2347 16753.02
2348 6170.49
2349 15286.28
2350 16048.96
2351 14589.29
2352 1001.22
2353 12643.21
2354 5782.54
2355 6315.96
2356 32431.09
2357 20347.22
2358 11786.05
2359 12716.72
2360 20001.29
2361 64463.31
2362 33141.30
2363 15479.83
2364 3950.52
2365 33858.11
2366 68436.75
2367 18349.70
2368 24682.82
2369 25394.86
2370 21657.16
2371 4608.96
2372 26209.69
2373 58621.72
2374 25465.35
2375 36887.92
2376 22911.63
2377 29363.82
2378 13257.61
2379 6863.40
2380 21270.48
2381 36874.16
2382 14113.56
2383 18339.81
2384 3051.13
2385 3048.73
2386 9856.15
2387 76039.00
2388 22949.50
2389 13008.21
2390 15305.51
2391 20803.39
2392 34357.63
2393 37381.77
2394 3714.86
2395 11974.98
2396 28974.92
2397 22872.79
2398 29981.85
2399 24473.93
2400 22592.99
2401 7222.54
2402 19456.79
2403 21317.21
2404 31536.50
2405 3948.47
2406 11088.81
2407 26016.46
2408 43117.04
2409 62734.45
2410 57272.84
2411 21286.93
2412 25705.46
2413 40477.38
2414 13635.18
2415 29110.36
2416 13417.49
2417 21210.15
2418 17160.42
2419 35637.80
2420 15105.99
2421 27869.26
2422 13668.54
2423 14861.84
2424 9416.84
2425 9289.70
2426 2929.89
2427 4152.47
2428 38157.29
2429 12815.36
2430 12585.96
2431 25859.15
2432 11310.88
2433 2743.68
2434 5717.80
2435 16568.84
2436 10362.93
2437 12148.73
2438 19126.04
2439 8907.73
2440 23172.16
2441 10630.97
2442 4128.94
2443 10968.30
2444 8853.61
2445 7311.59
2446 26785.01
2447 56577.75
2448 8290.67
2449 14897.74
2450 7847.35
2451 2831.97
2452 6074.92
2453 19780.73
2454 21110.77
2455 52763.61
2456 1677.52
2457 28584.79
2458 8631.36
2459 46182.79
2460 16757.76
2461 10361.59
2462 19425.09
2463 31767.47
2464 11208.11
2465 14791.15
2466 11650.31
2467 11749.39
2468 24028.01
2469 67064.99
2470 18732.88
2471 7716.52
2472 27130.67
2473 3024.50
2474 15363.00
2475 6608.68
2476 22438.27
2477 97270.36
2478 15655.22
2479 6275.46
2480 27366.24
2481 26066.39
2482 13670.17
2483 20404.75
2484 24972.41
2485 25765.20
2486 21503.43
2487 20803.91
2488 24325.09
2489 13795.99
2490 9576.58
2491 22904.70
2492 16762.92
2493 3511.30
2494 17223.99
2495 8614.07
2496 15253.25
2497 26619.58
2498 9419.17
2499 5858.03
2500 19317.48
2501 47159.40
2502 3667.86
2503 15906.80
2504 11921.96
2505 16837.88
2506 7538.63
2507 25566.37
2508 18241.58
2509 49959.14
2510 33032.39
2511 69225.02
2512 22674.12
2513 2937.95
2514 7671.65
2515 11214.86
2516 22900.25
2517 13815.49
2518 60982.66
2519 8332.50
2520 36864.67
2521 53612.21
2522 3727.04
2523 3166.41
2524 18485.27
2525 25714.13
2526 47044.48
2527 40919.41
2528 19816.54
2529 18880.91
2530 7412.13
2531 22706.62
2532 12216.26
2533 24811.51
2534 19044.20
2535 7418.46
2536 5760.54
2537 16605.08
2538 53162.51
2539 19049.86
2540 6610.62
2541 24465.20
2542 12873.19
2543 56064.52
2544 20362.86
2545 23032.40
2546 6665.84
2547 14559.97
2548 7149.24
2549 13197.48
2550 14101.39
2551 4385.31
2552 7346.26
2553 2486.28
2554 3813.95
2555 14781.87
2556 3575.78
2557 27066.35
2558 17489.39
2559 18336.62
2560 18922.40
2561 3151.12
2562 13658.55
2563 29932.56
2564 31317.86
2565 16096.78
2566 27112.00
2567 31592.11
2568 27866.06
2569 24115.31
2570 19392.26
2571 9190.29
2572 5721.56
2573 39115.93
2574 26719.42
2575 6390.97
2576 13199.71
2577 1026.21
2578 18237.21
2579 21624.45
2580 12578.56
2581 11922.18
2582 15510.46
2583 17275.51
2584 13247.19
2585 6985.06
2586 27911.52
2587 24510.59
2588 6954.45
2589 7767.95
2590 7947.20
2591 7006.35
2592 16095.45
2593 8394.24
2594 16005.61
2595 32245.82
2596 50355.30
2597 57460.71
2598 15221.26
2599 926.20
2600 13297.81
2601 33132.28
2602 35884.18
2603 28527.56
2604 8541.47
2605 15164.48
2606 20383.50
2607 15618.31
2608 6873.89
2609 30207.35
2610 19507.62
2611 134168.82
2612 52908.57
2613 4246.85
2614 8685.58
2615 27078.71
2616 48146.04
2617 21104.65
2618 51363.46
2619 3951.37
2620 25867.79
2621 52406.98
2622 25796.29
2623 32931.46
2624 39882.98
2625 11373.86
2626 13394.63
2627 21247.42
2628 6366.22
2629 24216.97
2630 17446.77
2631 33235.77
2632 11892.63
2633 37789.63
2634 16043.11
2635 13371.92
2636 25215.28
2637 24812.38
2638 1250.50
2639 6659.99
2640 28862.27
2641 13374.23
2642 8612.38
2643 22347.46
2644 10015.81
2645 11156.97
2646 2914.14
2647 16425.25
2648 24972.84
2649 4312.14
2650 33832.54
2651 22631.46
2652 29000.18
2653 8855.73
2654 18937.22
2655 22100.37
2656 16915.62
2657 10162.48
2658 18934.11
2659 6631.50
2660 28421.80
2661 13693.13
2662 17060.74
2663 15402.92
2664 4061.44
2665 17833.68
2666 4590.28
2667 60756.71
2668 8557.86
2669 3986.03
2670 24488.06
2671 11032.69
2672 29259.10
2673 73867.11
2674 14296.59
2675 11720.96
2676 38291.99
2677 13178.80
2678 28242.05
2679 16962.73
2680 16904.41
2681 6609.51
2682 32492.64
2683 56964.25
2684 7573.53
2685 27740.58
2686 14780.94
2687 7655.13
2688 15402.16
2689 5893.06
2690 12242.80
2691 6182.23
2692 11418.91
2693 30003.61
2694 47171.31
2695 32475.44
2696 12696.83
2697 11234.72
2698 9172.41
2699 2625.78
2700 3871.25
2701 21294.61
2702 5010.27
2703 49976.22
2704 13602.34
2705 8094.65
2706 29450.44
2707 16691.41
2708 20580.79
2709 24357.19
2710 7063.54
2711 16878.67
2712 13358.91
2713 17818.34
2714 23587.17
2715 5866.29
2716 4012.34
2717 24969.57
2718 28084.53
2719 18268.07
2720 18800.41
2721 27735.34
2722 26287.68
2723 7636.96
2724 18266.58
2725 26522.81
2726 16797.47
2727 32842.67
2728 12459.16
2729 9889.01
2730 10155.47
2731 58440.36
2732 19407.92
2733 3539.78
2734 13587.01
2735 11214.79
2736 21793.59
2737 33695.17
2738 22698.68
2739 10191.74
2740 7399.29
2741 19689.06
2742 28560.97
2743 9102.88
2744 21666.41
2745 16790.40
2746 7180.52
2747 5999.71
2748 18155.22
2749 6628.42
2750 22030.50
2751 25783.81
2752 21917.74
2753 13457.24
2754 3536.05
2755 7682.76
2756 36729.39
2757 14517.99
2758 38503.38
2759 6619.48
2760 6664.66
2761 17745.17
2762 17839.71
2763 3272.76
2764 18382.63
2765 13721.71
2766 5678.62
2767 29017.08
2768 14623.49
2769 36688.33
2770 18268.41
2771 9489.02
2772 12136.34
2773 17718.35
2774 1051.84
2775 11232.59
2776 19959.38
2777 16459.57
2778 24424.89
2779 21379.94
2780 16970.04
2781 3828.14
2782 25121.82
2783 20294.52
2784 3349.72
2785 15957.58
2786 10457.48
2787 31408.31
2788 18663.41
2789 28188.52
2790 13920.23
2791 35901.69
2792 11720.98
2793 22456.27
2794 7003.69
2795 12531.89
2796 38971.94
2797 9477.57
2798 29187.80
2799 41091.88
2800 57816.98
2801 18594.75
2802 15593.65
2803 2754.90
2804 12306.09
2805 5250.93
2806 45732.25
2807 6926.12
2808 8167.61
2809 30607.77
2810 6792.13
2811 10600.88
2812 21656.37
2813 10167.42
2814 24027.30
2815 6512.20
2816 6106.88
2817 10913.77
2818 3768.42
2819 20766.23
2820 13448.30
2821 20349.30
2822 13357.62
2823 46001.57
2824 8406.80
2825 12505.98
2826 30506.75
2827 25320.89
2828 14706.55
2829 13999.76
2830 18389.28
2831 29347.26
2832 6807.68
2833 13727.67
2834 6398.91
2835 15768.90
2836 21759.28
2837 20986.19
2838 11007.59
2839 6507.33
2840 21550.76
2841 19265.37
2842 20743.46
2843 24478.08
2844 19710.22
2845 9589.21
2846 71346.07
2847 18676.81
2848 7724.89
2849 14346.29
2850 27340.55
2851 14576.50
2852 14572.33
2853 41936.25
2854 17965.28
2855 13849.13
2856 3354.08
2857 11167.85
2858 40737.23
2859 19184.34
2860 40369.78
2861 31605.81
2862 11692.92
2863 24782.19
2864 44594.10
2865 28676.17
2866 20102.93
2867 37341.12
2868 33911.75
2869 20208.00
2870 9648.82
2871 30805.38
2872 34833.69
2873 36339.58
2874 36742.93
2875 17313.04
2876 42704.30
2877 39310.12
2878 13092.96
2879 8013.74
2880 36001.40
2881 12357.08
2882 3391.51
2883 32061.55
2884 15560.18
2885 17094.69
2886 4761.36
2887 15955.85
2888 10446.42
2889 11086.55
2890 8652.01
2891 60000.34
2892 37450.13
2893 1434.39
2894 26425.78
2895 33058.10
2896 20339.64
2897 40441.84
2898 1987.77
2899 39117.47
2900 53683.44
2901 18373.85
2902 24307.09
2903 863.06
2904 5597.01
2905 46285.03
2906 31040.43
2907 31757.14
2908 43519.16
2909 28101.57
2910 6268.36
2911 20054.48
2912 16734.81
2913 11464.13
2914 14845.25
2915 16572.75
2916 13992.35
2917 44476.92
2918 19342.21
2919 25513.28
2920 7436.13
2921 10631.20
2922 13603.38
2923 30427.17
2924 32042.86
2925 40530.04
2926 15053.74
2927 15299.60
2928 15333.46
2929 31889.45
2930 7098.94
2931 10174.31
2932 23208.99
2933 11811.93
2934 15032.28
2935 18116.79
2936 12755.08
2937 33372.72
2938 6584.28
2939 17735.10
2940 9022.72
2941 13582.44
2942 12694.88
2943 32841.05
2944 25154.53
2945 18362.77
2946 21888.88
2947 1011.56
2948 15754.47
2949 14080.68
2950 11960.37
2951 7700.02
2952 2871.06
2953 20888.29
2954 76485.98
2955 57739.59
2956 14957.25
2957 55228.65
2958 14939.90
2959 25164.70
2960 17595.17
2961 6866.24
2962 32359.66
2963 29853.63
2964 19202.70
2965 27135.67
2966 11552.39
2967 48816.13
2968 29409.91
2969 43885.09
2970 50089.22
2971 13049.95
2972 62598.14
2973 4648.15
2974 19767.04
2975 13750.62
2976 19381.16
2977 12097.20
2978 17430.38
2979 39484.59
2980 10966.82
2981 25089.29
2982 10446.64
2983 3441.62
2984 25058.74
2985 25407.28
2986 25969.07
2987 41235.34
2988 19700.94
2989 3893.78
2990 21538.82
2991 18921.05
2992 14837.50
2993 26085.76
2994 36260.58
2995 3653.45
2996 4254.49
2997 47350.41
2998 54176.97
2999 12923.05
3000 20264.56
3001 13184.69
3002 2948.70
3003 3154.50
3004 9442.25
3005 2739.02
3006 7090.42
3007 24032.02
3008 21357.18
3009 47458.98
3010 24789.31
3011 27349.48
3012 18810.15
3013 9935.59
3014 12529.64
3015 49095.81
3016 14722.46
3017 13590.89
3018 78939.58
3019 30178.67
3020 21052.10
3021 2946.12
3022 4147.19
3023 41638.72
3024 30541.66
3025 7428.74
3026 22057.29
3027 8316.53
3028 37742.97
3029 1311.66
3030 8588.23
3031 45524.62
3032 17118.83
3033 31956.88
3034 1839.14
3035 41682.06
3036 21738.12
3037 28583.89
3038 3590.81
3039 15482.72
3040 11522.64
3041 19592.01
3042 5236.91
3043 5178.33
3044 28519.77
3045 3128.74
3046 11044.93
3047 46365.06
3048 6580.11
3049 8031.94
3050 49971.62
3051 13751.53
3052 24581.08
3053 6916.82
3054 13491.02
3055 33837.06
3056 19512.33
3057 22266.63
3058 31787.88
3059 15377.07
3060 28199.27
3061 8273.59
3062 5081.95
3063 20408.23
3064 16543.44
3065 29368.05
3066 40934.48
3067 38210.16
3068 6905.21
3069 5439.62
3070 10434.53
3071 8536.73
3072 15271.57
3073 21021.58
3074 53974.56
3075 28969.77
3076 3099.29
3077 15337.90
3078 12991.96
3079 37022.60
3080 4338.93
3081 11228.15
3082 42319.41
3083 23804.96
3084 6333.87
3085 12839.06
3086 51813.90
3087 20090.75
3088 1282.57
3089 30569.59
3090 12058.41
3091 30727.17
3092 59278.11
3093 40082.99
3094 16415.09
3095 8951.66
3096 38791.53
3097 26973.38
3098 22769.72
3099 38767.49
3100 14285.02
3101 40822.36
3102 24568.22
3103 7947.72
3104 4368.92
3105 886.66
3106 13533.77
3107 25323.26
3108 3496.56
3109 11613.94
3110 47033.66
3111 31626.93
3112 8934.20
3113 24215.44
3114 5848.88
3115 11118.04
3116 32065.98
3117 39820.20
3118 35659.12
3119 16736.82
3120 21827.80
3121 55836.70
3122 14347.94
3123 16656.11
3124 7455.92
3125 36089.74
3126 14894.15
3127 12765.85
3128 35650.24
3129 29701.50
3130 17815.14
3131 10618.30
3132 26606.75
3133 63591.93
3134 31318.18
3135 28779.43
3136 26495.15
3137 54590.69
3138 19672.80
3139 13004.87
3140 6818.07
3141 17192.23
3142 20254.55
3143 47710.38
3144 13671.45
3145 23082.98
3146 5806.32
3147 11371.43
3148 38029.69
3149 76437.25
3150 10862.78
3151 5215.05
3152 11798.04
3153 3045.15
3154 23328.15
3155 13003.99
3156 28400.96
3157 48289.56
3158 6983.54
3159 5926.55
3160 11365.72
3161 69854.54
3162 70575.41
3163 26601.58
3164 76770.14
3165 45571.02
3166 10738.66
3167 16983.92
3168 18061.68
3169 27536.62
3170 48553.20
3171 11426.62
3172 11837.30
3173 41240.93
3174 23144.19
3175 22659.71
3176 4047.71
3177 16787.96
3178 12352.05
3179 16734.37
3180 15369.09
3181 5114.28
3182 3573.74
3183 11359.09
3184 11312.96
3185 9759.14
3186 3771.24
3187 7203.21
3188 12478.72
3189 20748.95
3190 10792.29
3191 3651.80
3192 15923.66
3193 17375.82
3194 5941.36
3195 14466.09
3196 25702.65
3197 39817.20
3198 3969.27
3199 3136.01
3200 23568.62
3201 36804.16
3202 37260.49
3203 11906.84
3204 15065.58
3205 56155.87
3206 10131.24
3207 20667.69
3208 6344.81
3209 8850.29
3210 9103.96
3211 16390.38
3212 4279.67
3213 9929.17
3214 29266.58
3215 12223.37
3216 24626.48
3217 44350.75
3218 4304.30
3219 34046.76
3220 22922.79
3221 7147.75
3222 13036.42
3223 38339.14
3224 11927.59
3225 16496.79
3226 10953.24
3227 28668.44
3228 14636.72
3229 6514.36
3230 19792.70
3231 2872.30
3232 10439.89
3233 14973.15
3234 23745.62
3235 17283.87
3236 8640.27
3237 5839.75
3238 8875.08
3239 4417.20
3240 37263.56
3241 8397.09
3242 10269.29
3243 20179.53
3244 11849.75
3245 6553.00
3246 22287.46
3247 18242.77
3248 27243.46
3249 17041.01
3250 25833.49
3251 3539.15
3252 3226.94
3253 31048.37
3254 47459.38
3255 14983.94
3256 20309.16
3257 12340.00
3258 16967.07
3259 7784.10
3260 10750.52
3261 3568.40
3262 25044.17
3263 85331.12
3264 37081.75
3265 7743.65
3266 16134.46
3267 17726.02
3268 43583.98
3269 31488.76
3270 22509.57
3271 23531.55
3272 19063.72
3273 29166.37
3274 9178.55
3275 7044.76
3276 9826.55
3277 18988.96
3278 3645.56
3279 25694.26
3280 14237.76
3281 65992.56
3282 14579.10
3283 37129.87
3284 10328.10
3285 24650.25
3286 22864.23
3287 7409.69
3288 13912.54
3289 5952.02
3290 8363.69
3291 30587.36
3292 23628.28
3293 24919.98
3294 5678.75
3295 8867.12
3296 24713.94
3297 18557.15
3298 58127.87
3299 17488.88
3300 21832.82
3301 5283.68
3302 11111.29
3303 9927.42
3304 6323.98
3305 11272.72
3306 9746.33
3307 13202.83
3308 41373.44
3309 8455.48
3310 6992.38
3311 11346.13
3312 27975.82
3313 9504.18
3314 9486.24
3315 7801.92
3316 25010.14
3317 40343.93
3318 8110.40
3319 6509.74
3320 54626.97
3321 37051.00
3322 47772.06
3323 31416.02
3324 26632.42
3325 18560.69
3326 848.82
3327 12416.55
3328 10713.89
3329 17969.16
3330 16530.19
3331 11221.32
3332 22901.10
3333 19706.22
3334 10346.94
3335 32529.88
3336 3684.68
3337 8166.64
3338 36070.00
3339 3498.04
3340 27175.11
3341 16732.30
3342 17652.26
3343 34521.22
3344 34207.64
3345 32342.63
3346 16436.98
3347 12774.34
3348 19999.82
3349 30360.51
3350 4177.55
3351 6205.70
3352 42357.70
3353 14264.99
3354 23139.92
3355 21298.19
3356 11631.92
3357 39194.75
3358 24546.84
3359 26058.21
3360 12350.81
3361 10860.41
3362 12121.25
3363 32674.40
3364 10511.17
3365 11107.05
3366 14535.78
3367 13397.54
3368 33620.67
3369 28198.55
3370 16562.14
3371 6834.50
3372 19491.65
3373 20754.00
3374 74652.29
3375 4839.18
3376 20913.03
3377 21280.10
3378 16349.72
3379 38903.10
3380 19157.15
3381 10745.01
3382 16837.89
3383 19928.88
3384 51238.84
3385 35753.46
3386 25477.61
3387 32337.65
3388 28992.41
3389 7501.95
3390 7160.24
3391 10204.36
3392 23271.28
3393 2775.00
3394 7248.93
3395 47644.12
3396 2209.30
3397 60346.05
3398 34220.53
3399 10540.94
3400 6062.44
3401 20096.43
3402 3771.73
3403 1111.36
3404 15551.47
3405 24393.45
3406 67850.51
3407 12461.08
3408 5226.01
3409 18519.42
3410 24855.26
3411 30773.80
3412 1201.95
3413 11723.67
3414 7126.66
3415 24999.41
3416 8033.80
3417 31260.88
3418 11313.35
3419 11136.66
3420 3018.03
3421 31989.22
3422 40230.39
3423 46251.33
3424 29209.03
3425 7109.05
3426 19496.64
3427 10040.67
3428 10267.01
3429 2450.60
3430 7367.89
3431 34726.29
3432 11104.89
3433 18894.89
3434 46424.88
3435 37555.89
3436 12393.80
3437 24948.30
3438 25341.42
3439 3236.10
3440 17581.42
3441 5396.47
3442 7719.51
3443 18180.33
3444 33044.59
3445 7403.67
3446 13577.85
3447 14512.20
3448 16816.78
3449 19371.34
3450 17784.59
3451 44965.25
3452 6527.28
3453 3709.91
3454 31830.44
3455 22352.12
3456 20427.74
3457 53997.51
3458 19019.31
3459 28906.91
3460 31529.35
3461 11429.42
3462 33275.61
3463 26571.65
3464 14175.42
3465 15863.42
3466 15439.55
3467 9032.84
3468 22052.35
3469 1023.28
3470 8228.15
3471 6697.42
3472 20151.54
3473 8457.51
3474 39173.18
3475 28432.61
3476 30251.15
3477 10770.79
3478 15643.98
3479 18541.45
3480 29209.41
3481 21868.60
3482 7268.47
3483 2780.04
3484 10476.32
3485 23819.27
3486 33980.14
3487 18442.48
3488 29318.07
3489 34277.81
3490 7495.05
3491 10577.46
3492 18063.02
3493 13788.81
3494 11897.68
3495 5459.34
3496 3441.59
3497 18324.60
3498 11049.07
3499 31112.80
3500 15916.67
3501 19951.31
3502 45333.33
3503 25739.81
3504 7623.16
3505 6138.68
3506 23015.37
3507 17286.83
3508 10321.54
3509 5597.71
3510 7345.83
3511 11057.55
3512 10123.51
3513 7129.49
3514 9923.95
3515 5134.77
3516 3476.18
3517 4324.32
3518 45134.69
3519 1105.60
3520 18880.86
3521 6830.53
3522 11795.12
3523 14716.89
3524 6829.68
3525 12604.73
3526 6734.72
3527 17181.04
3528 11217.77
3529 16240.95
3530 45080.97
3531 1487.26
3532 10239.40
3533 20801.65
3534 22101.21
3535 18493.65
3536 2603.59
3537 26669.34
3538 49431.60
3539 20079.78
3540 6485.42
3541 16681.12
3542 45521.07
3543 4851.10
3544 32046.44
3545 12633.27
3546 27695.26
3547 13443.63
3548 41988.68
3549 13712.79
3550 16283.91
3551 8212.75
3552 46502.95
3553 8121.28
3554 6484.38
3555 24693.74
3556 17330.54
3557 4268.14
3558 5365.13
3559 7679.98
3560 25309.64
3561 8423.30
3562 16840.26
3563 32843.90
3564 45689.94
3565 27444.57
3566 12801.76
3567 38585.78
3568 34288.59
3569 13859.18
3570 3069.50
3571 14844.93
3572 15329.44
3573 12969.34
3574 31672.32
3575 13473.30
3576 797.94
3577 11698.24
3578 16439.58
3579 23165.81
3580 9190.07
3581 20412.72
3582 46835.35
3583 8197.15
3584 14225.33
3585 9289.40
3586 7849.86
3587 13607.45
3588 16472.00
3589 9378.09
3590 39544.11
3591 28325.55
3592 9610.69
3593 48703.73
3594 28696.32
3595 45509.90
3596 16213.69
3597 5977.02
3598 26468.67
3599 2083.86
3600 2623.41
3601 5462.00
3602 30128.80
3603 18141.41
3604 15513.25
3605 2901.11
3606 20631.98
3607 6771.11
3608 37211.39
3609 13893.41
3610 9011.71
3611 6429.24
3612 25623.78
3613 43245.90
3614 31539.68
3615 17172.89
3616 14313.42
3617 10448.08
3618 29052.95
3619 19453.14
3620 2581.43
3621 6696.28
3622 50712.11
3623 7754.09
3624 38680.03
3625 13596.83
3626 13177.21
3627 34069.76
3628 3987.16
3629 29379.07
3630 21750.45
3631 29765.16
3632 16108.76
3633 18690.84
3634 7616.50
3635 19040.25
3636 24455.60
3637 46710.22
3638 12852.30
3639 7612.59
3640 20682.34
3641 22080.87
3642 23931.64
3643 1268.33
3644 22384.54
3645 36339.88
3646 83187.12
3647 12484.35
3648 37664.82
3649 3828.25
3650 9265.24
3651 4067.53
3652 39725.07
3653 17779.75
3654 8612.33
3655 25635.95
3656 28396.54
3657 7319.79
3658 15373.19
3659 18409.67
3660 51041.08
3661 38260.92
3662 23751.61
3663 38713.89
3664 7101.18
3665 11852.43
3666 21015.57
3667 54491.18
3668 13176.48
3669 19036.50
3670 590.41
3671 8788.27
3672 49020.29
3673 11495.53
3674 14569.83
3675 10466.00
3676 8505.88
3677 5957.82
3678 25635.78
3679 3738.79
3680 22000.66
3681 35440.96
3682 12981.14
3683 17455.91
3684 30309.78
3685 19499.96
3686 32668.96
3687 11735.83
3688 12181.21
3689 13728.93
3690 16080.50
3691 16355.22
3692 3868.27
3693 9224.23
3694 21422.92
3695 20114.07
3696 18016.07
3697 3109.91
3698 27894.80
3699 2910.18
3700 7619.58
3701 16673.85
3702 37326.41
3703 26160.43
3704 8805.33
3705 9367.82
3706 7786.27
3707 16187.18
3708 26220.85
3709 7282.14
3710 16441.66
3711 9572.86
3712 16145.27
3713 12843.63
3714 42376.97
3715 9063.35
3716 22294.79
3717 7243.40
3718 3259.40
3719 20871.73
3720 25066.07
3721 27706.42
3722 40964.19
3723 7185.67
3724 11588.40
3725 43407.72
3726 25171.90
3727 9160.18
3728 10642.43
3729 22051.33
3730 19916.21
3731 4268.03
3732 44478.59
3733 25427.60
3734 16545.09
3735 6575.86
3736 19416.87
3737 22100.62
3738 15238.31
3739 28510.03
3740 23410.29
3741 10354.05
3742 23845.76
3743 6728.57
3744 6109.17
3745 14387.73
3746 59058.88
3747 23701.00
3748 15016.52
3749 3320.12
3750 22920.65
3751 4081.21
3752 23190.01
3753 10930.11
3754 26633.78
3755 4040.38
3756 36366.30
3757 4502.82
3758 9435.71
3759 4459.15
3760 10796.61
3761 16271.96
3762 17188.22
3763 7728.09
3764 38632.78
3765 17013.25
3766 3158.60
3767 11580.09
3768 10533.73
3769 7409.64
3770 6340.45
3771 56862.87
3772 14113.48
3773 10463.14
3774 54275.05
3775 39001.46
3776 6066.54
3777 40810.05
3778 24740.28
3779 32063.19
3780 15604.31
3781 6194.49
3782 15661.15
3783 8422.40
3784 18003.87
3785 4965.58
3786 40836.07
3787 30039.40
3788 18120.05
3789 11989.13
3790 24919.09
3791 13782.03
3792 20793.16
3793 7563.87
3794 24087.67
3795 11823.25
3796 21959.92
3797 24650.02
3798 7331.66
3799 17787.39
3800 62410.75
3801 26033.14
3802 32477.46
3803 47285.31
3804 23994.93
3805 37434.32
3806 10722.11
3807 14553.82
3808 17754.00
3809 5313.39
3810 11467.66
3811 19488.94
3812 37756.91
3813 12011.99
3814 25975.46
3815 15829.39
3816 15813.50
3817 15895.80
3818 6960.15
3819 14554.55
3820 4378.81
3821 53725.89
3822 17191.83
3823 20037.17
3824 1061.58
3825 8387.66
3826 49454.05
3827 32663.37
3828 24572.87
3829 6818.27
3830 3436.78
3831 8338.69
3832 16731.94
3833 24018.94
3834 26252.78
3835 10969.93
3836 35946.02
3837 4737.23
3838 48658.34
3839 18954.43
3840 34889.18
3841 8294.74
3842 32708.12
3843 17518.40
3844 16132.83
3845 22748.52
3846 17688.08
3847 6962.56
3848 6632.79
3849 23687.96
3850 10336.99
3851 19434.41
3852 24343.99
3853 3262.96
3854 5995.72
3855 16285.61
3856 44827.48
3857 4291.55
3858 21415.49
3859 18342.43
3860 13533.56
3861 18557.58
3862 3094.08
3863 5915.13
3864 15884.01
3865 16435.91
3866 13458.65
3867 26654.65
3868 25411.96
3869 32778.89
3870 7573.53
3871 26302.62
3872 15715.98
3873 4008.96
3874 8542.87
3875 8383.16
3876 27877.77
3877 17752.53
3878 3146.60
3879 12117.32
3880 20696.62
3881 59261.72
3882 10783.41
3883 11137.58
3884 37532.89
3885 10104.31
3886 25143.20
3887 1019.51
3888 12386.10
3889 20815.89
3890 3636.83
3891 14352.96
3892 30150.49
3893 23720.90
3894 34048.94
3895 30468.62
3896 20885.02
3897 3525.47
3898 29752.27
3899 28816.46
3900 12571.13
3901 11134.74
3902 20538.93
3903 26500.54
3904 15760.02
3905 37722.13
3906 28645.72
3907 27476.56
3908 8597.21
3909 12868.37
3910 12195.77
3911 9569.85
3912 21004.66
3913 14183.63
3914 23528.40
3915 59554.27
3916 34868.02
3917 7869.62
3918 46074.42
3919 7404.73
3920 5953.92
3921 14573.76
3922 6659.06
3923 17430.20
3924 22815.25
3925 27877.55
3926 12283.54
3927 12609.53
3928 45035.23
3929 17444.30
3930 15184.43
3931 19156.44
3932 6949.47
3933 16379.51
3934 3010.40
3935 21561.43
3936 16192.72
3937 28127.71
3938 13178.36
3939 4095.30
3940 49392.36
3941 25879.17
3942 41078.98
3943 42666.92
3944 54130.09
3945 25102.52
3946 17455.68
3947 5779.37
3948 9448.84
3949 8973.74
3950 14186.40
3951 14653.40
3952 27496.36
3953 6522.33
3954 1889.71
3955 62872.27
3956 21095.29
3957 923.49
3958 9056.82
3959 19295.63
3960 39557.07
3961 14443.68
3962 15797.78
3963 24898.91
3964 13934.95
3965 28250.99
3966 73872.74
3967 9614.80
3968 21006.67
3969 15669.85
3970 20561.47
3971 26630.84
3972 55460.72
3973 31755.89
3974 25696.96
3975 17646.33
3976 9637.11
3977 11133.39
3978 18565.82
3979 17970.11
3980 10987.17
3981 11607.68
3982 6275.51
3983 11590.12
3984 13186.42
3985 20182.21
3986 9915.60
3987 38931.95
3988 12844.13
3989 30171.43
3990 6386.78
3991 12509.83
3992 56154.61
3993 8315.74
3994 14534.65
3995 11974.46
3996 29295.39
3997 2742.66
3998 11803.95
3999 31212.70
4000 7419.65
4001 5983.64
4002 31536.24
4003 32482.65
4004 15522.21
4005 7070.36
4006 15663.74
4007 3197.48
4008 18753.66
4009 26750.76
4010 47560.97
4011 17561.71
4012 3798.04
4013 2872.20
4014 8212.49
4015 6644.76
4016 34258.26
4017 15690.73
4018 2897.17
4019 13317.49
4020 23226.75
4021 1347.40
4022 24833.62
4023 32574.95
4024 13630.43
4025 50196.69
4026 8470.63
4027 12005.62
4028 13852.48
4029 9809.52
4030 47422.11
4031 28519.28
4032 23942.16
4033 40600.81
4034 14344.69
4035 35662.26
4036 21429.97
4037 29230.42
4038 52056.83
4039 24045.58
4040 6858.54
4041 43888.38
4042 25601.54
4043 20969.78
4044 18353.26
4045 15223.85
4046 11090.97
4047 31943.58
4048 13604.29
4049 7656.12
4050 10054.52
4051 19169.08
4052 6483.39
4053 41968.23
4054 12165.48
4055 20593.87
4056 17680.95
4057 16017.40
4058 14226.50
4059 20555.32
4060 23315.94
4061 10436.16
4062 10482.07
4063 51654.78
4064 26630.80
4065 13081.79
4066 16741.36
4067 5549.68
4068 6677.19
4069 28195.18
4070 7229.19
4071 29647.82
4072 3768.02
4073 6239.42
4074 18136.52
4075 32894.53
4076 11311.73
4077 7296.20
4078 37669.93
4079 6508.56
4080 6691.05
4081 11420.75
4082 30680.58
4083 9464.75
4084 13486.80
4085 36519.25
4086 11468.33
4087 24204.15
4088 3308.85
4089 17835.58
4090 7767.47
4091 9874.97
4092 17611.63
4093 13229.85
4094 12698.35
4095 6212.27
4096 12758.73
4097 34384.01
4098 24862.42
4099 17348.90
4100 11086.15
4101 37399.82
4102 18305.33
4103 43839.81
4104 25431.79
4105 32762.44
4106 26278.29
4107 26191.63
4108 25718.63
4109 34121.69
4110 21574.04
4111 16251.34
4112 6495.66
4113 11839.35
4114 10517.69
4115 10015.04
4116 22217.67
4117 47375.54
4118 55282.28
4119 5276.85
4120 54512.05
4121 40971.83
4122 38708.31
4123 7057.30
4124 6817.49
4125 14973.36
4126 84187.07
4127 54374.58
4128 21175.70
4129 7796.96
4130 39360.17
4131 12829.19
4132 26234.40
4133 24832.85
4134 20764.02
4135 21955.55
4136 17005.47
4137 1171.99
4138 26007.29
4139 34489.51
4140 25341.54
4141 40490.24
4142 34065.24
4143 19967.90
4144 6013.66
4145 1686.25
4146 20022.37
4147 9008.84
4148 63552.52
4149 26076.25
4150 3785.70
4151 26729.96
4152 16661.88
4153 9862.58
4154 2991.54
4155 4592.26
4156 37998.94
4157 20674.78
4158 13093.18
4159 11893.15
4160 3019.24
4161 13399.61
4162 19840.48
4163 2431.04
4164 18379.96
4165 28779.45
4166 4155.01
4167 28704.83
4168 32988.56
4169 47251.00
4170 35734.50
4171 7608.66
4172 40254.74
4173 32766.64
4174 37435.40
4175 36583.88
4176 26550.82
4177 32239.55
4178 19750.68
4179 7735.76
4180 2932.28
4181 7059.48
4182 13265.74
4183 15644.37
4184 22044.96
4185 11332.35
4186 13587.58
4187 19405.14
4188 63376.50
4189 13135.76
4190 26112.58
4191 22296.47
4192 24104.15
4193 32218.90
4194 22407.36
4195 7900.13
4196 2300.82
4197 8987.76
4198 30286.99
4199 16433.52
4200 8328.22
4201 40033.35
4202 14491.17
4203 14485.83
4204 12507.64
4205 47235.46
4206 13695.53
4207 29813.34
4208 30790.23
4209 38869.69
4210 21496.01
4211 26740.66
4212 26655.80
4213 22257.09
4214 16532.57
4215 8347.02
4216 18909.15
4217 67589.77
4218 4860.77
4219 20839.54
4220 12062.25
4221 3143.42
4222 23791.28
4223 8642.08
4224 59800.77
4225 18363.78
4226 22399.05
4227 19286.93
4228 22994.51
4229 23865.39
4230 9687.13
4231 14430.20
4232 13199.33
4233 4094.07
4234 32162.98
4235 32513.22
4236 11613.61
4237 14962.06
4238 3363.38
4239 1886.64
4240 23202.90
4241 3934.02
4242 47913.29
4243 11475.66
4244 31280.32
4245 6805.32
4246 15759.36
4247 5333.38
4248 7631.36
4249 43956.30
4250 43762.98
4251 31974.25
4252 56351.71
4253 50809.34
4254 7935.27
4255 12223.69
4256 18347.09
4257 20428.21
4258 1102.67
4259 14575.64
4260 39905.86
4261 13789.74
4262 6937.73
4263 28132.62
4264 19790.37
4265 31733.66
4266 7461.94
4267 8764.45
4268 8774.96
4269 17209.99
4270 15268.36
4271 7205.95
4272 17142.43
4273 24846.67
4274 22070.05
4275 24635.63
4276 42408.41
4277 10742.41
4278 19043.47
4279 26459.73
4280 14435.38
4281 19408.80
4282 25253.68
4283 31893.80
4284 30514.15
4285 51723.32
4286 7109.27
4287 5726.68
4288 27320.06
4289 6820.29
4290 10405.92
4291 40667.46
4292 16042.58
4293 11467.14
4294 11582.01
4295 6226.83
4296 12994.26
4297 37532.57
4298 4212.94
4299 23122.88
4300 1306.37
4301 23850.61
4302 12245.58
4303 22195.14
4304 17972.17
4305 32702.26
4306 53547.75
4307 30862.41
4308 6821.43
4309 4611.80
4310 8994.30
4311 32944.44
4312 45768.73
4313 8545.80
4314 10994.22
4315 33835.60
4316 16464.68
4317 20885.65
4318 11243.50
4319 13353.76
4320 47404.11
4321 7632.63
4322 7174.09
4323 17567.43
4324 10775.37
4325 15298.72
4326 16099.05
4327 11134.73
4328 11414.91
4329 18291.37
4330 8748.98
4331 8072.19
4332 32390.31
4333 13594.14
4334 6691.20
4335 29411.34
4336 5544.05
4337 3784.12
4338 16722.57
4339 6664.17
4340 15700.11
4341 25758.85
4342 17180.87
4343 7517.98
4344 12402.65
4345 13762.51
4346 689.31
4347 11858.28
4348 12030.77
4349 23146.88
4350 1073.42
4351 20555.75
4352 8636.75
4353 28062.15
4354 26401.84
4355 25321.32
4356 20530.83
4357 31032.76
4358 41087.30
4359 8062.02
4360 19044.52
4361 23809.50
4362 6948.33
4363 10464.26
4364 11768.42
4365 16848.41
4366 19143.44
4367 2270.66
4368 11840.54
4369 5620.51
4370 5358.31
4371 9960.10
4372 20963.24
4373 97114.35
4374 15455.12
4375 15930.93
4376 5836.35
4377 10336.16
4378 7689.79
4379 11614.11
4380 9140.62
4381 9697.29
4382 23314.89
4383 5192.61
4384 896.26
4385 21742.23
4386 6354.42
4387 8668.92
4388 21775.09
4389 35213.25
4390 24622.71
4391 13756.00
4392 70241.08
4393 8765.41
4394 5813.94
4395 4724.84
4396 34475.98
4397 13816.95
4398 9066.63
4399 11537.02
4400 7104.64
4401 34943.55
4402 13426.90
4403 7011.91
4404 14844.98
4405 3230.26
4406 9417.35
4407 31352.83
4408 42836.29
4409 4703.74
4410 29399.53
4411 27509.27
4412 6455.73
4413 24381.91
4414 17955.66
4415 30287.53
4416 38985.75
4417 27831.93
4418 6221.76
4419 3039.71
4420 4497.06
4421 58115.87
4422 62923.44
4423 4577.95
4424 22665.18
4425 29202.61
4426 7254.59
4427 16939.28
4428 13859.74
4429 8046.92
4430 8483.39
4431 25003.50
4432 15244.71
4433 11723.81
4434 3657.86
4435 44608.17
4436 27641.65
4437 26695.56
4438 50853.13
4439 53274.66
4440 21249.14
4441 36497.48
4442 17175.06
4443 7061.32
4444 9464.05
4445 7166.43
4446 43683.12
4447 49079.77
4448 20004.12
4449 12348.46
4450 12492.10
4451 7302.66
4452 5253.44
4453 7980.97
4454 13785.01
4455 10944.96
4456 35178.01
4457 30157.33
4458 11521.64
4459 14864.64
4460 16412.51
4461 19898.27
4462 24581.00
4463 43352.34
4464 11266.51
4465 5280.70
4466 11535.86
4467 11034.94
4468 11007.71
4469 10569.08
4470 26334.93
4471 44685.30
4472 32788.51
4473 32901.18
4474 25412.14
4475 10501.04
4476 6780.49
4477 11358.08
4478 30774.75
4479 3797.80
4480 11423.80
4481 12450.13
4482 27786.60
4483 7516.10
4484 33942.53
4485 24516.17
4486 9705.43
4487 11787.99
4488 44947.94
4489 33315.17
4490 1347.43
4491 11267.82
4492 22759.62
4493 11886.00
4494 16368.79
4495 3038.56
4496 3653.98
4497 19719.83
4498 11585.46
4499 18140.42
4500 13556.31
4501 7108.74
4502 17584.10
4503 24238.60
4504 26773.43
4505 4016.41
4506 8514.12
4507 22086.60
4508 36418.65
4509 12690.99
4510 47704.89
4511 13409.66
4512 12349.29
4513 14336.05
4514 3912.13
4515 24829.35
4516 30863.21
4517 21875.75
4518 34895.41
4519 18513.60
4520 10319.86
4521 19551.57
4522 7560.28
4523 9729.28
4524 7588.15
4525 18771.29
4526 17345.40
4527 24616.47
4528 6850.76
4529 7780.57
4530 10279.23
4531 14431.05
4532 19124.99
4533 5756.79
4534 18354.98
4535 16394.95
4536 3632.12
4537 15702.76
4538 34421.52
4539 36690.78
4540 21278.04
4541 6442.51
4542 11252.44
4543 2467.85
4544 13605.15
4545 21225.99
4546 19698.26
4547 1243.36
4548 22743.39
4549 18412.40
4550 12168.70
4551 30670.99
4552 13164.00
4553 22491.13
4554 12632.26
4555 12969.99
4556 19276.23
4557 7024.48
4558 32314.62
4559 61028.12
4560 38497.77
4561 18175.91
4562 13998.19
4563 18590.31
4564 28942.64
4565 4258.64
4566 23341.90
4567 26507.58
4568 12454.73
4569 32281.08
4570 4276.44
4571 3185.13
4572 26730.83
4573 28654.48
4574 28368.79
4575 50488.28
4576 8591.80
4577 9517.32
4578 15871.23
4579 14646.16
4580 27714.81
4581 8522.84
4582 10098.86
4583 17040.84
4584 32198.64
4585 10556.08
4586 4534.77
4587 55190.24
4588 8507.81
4589 6729.63
4590 9753.35
4591 1931.07
4592 68434.50
4593 33801.29
4594 26568.79
4595 11245.89
4596 8710.52
4597 10825.44
4598 27880.95
4599 38095.79
4600 18998.58
4601 12761.69
4602 15771.69
4603 8788.44
4604 5672.32
4605 3654.88
4606 1560.94
4607 32759.18
4608 10895.84
4609 11113.99
4610 7371.00
4611 17438.28
4612 12693.22
4613 60371.00
4614 24464.49
4615 13004.57
4616 6185.10
4617 11615.20
4618 18497.84
4619 44898.63
4620 18977.28
4621 37471.54
4622 27986.59
4623 8129.18
4624 10029.64
4625 25084.72
4626 53151.47
4627 6813.08
4628 10857.32
4629 10564.77
4630 32367.75
4631 18363.07
4632 3899.20
4633 3200.80
4634 9144.40
4635 5852.77
4636 42888.94
4637 7561.37
4638 10387.11
4639 14602.55
4640 4218.10
4641 23124.24
4642 24576.16
4643 12701.49
4644 18278.82
4645 18227.59
4646 6031.59
4647 17549.01
4648 6736.67
4649 13850.86
4650 7134.61
4651 45830.58
4652 40550.83
4653 17110.88
4654 4221.71
4655 53699.53
4656 7968.00
4657 15265.54
4658 10931.72
4659 16976.24
4660 6634.82
4661 18592.28
4662 10835.71
4663 6561.56
4664 12880.96
4665 44145.63
4666 14516.43
4667 6594.16
4668 5090.79
4669 12003.07
4670 16291.72
4671 27686.04
4672 1459.83
4673 36295.82
4674 26960.68
4675 24413.45
4676 23671.39
4677 16033.50
4678 6949.07
4679 24129.03
4680 12005.29
4681 15644.88
4682 2947.90
4683 22838.71
4684 21221.64
4685 59138.44
4686 29640.96
4687 10866.97
4688 3995.17
4689 6303.21
4690 8666.97
4691 33745.43
4692 25002.64
4693 28535.49
4694 22817.74
4695 3579.40
4696 2843.51
4697 19043.75
4698 25251.72
4699 7915.22
4700 13949.21
4701 38761.27
4702 7165.37
4703 16797.41
4704 3590.03
4705 7290.72
4706 7091.49
4707 13526.74
4708 8700.46
4709 23448.40
4710 12984.42
4711 14614.49
4712 21685.98
4713 33895.51
4714 28110.94
4715 32445.68
4716 4388.96
4717 27019.91
4718 57287.88
4719 14234.92
4720 68880.46
4721 67845.75
4722 22687.99
4723 12260.66
4724 24471.39
4725 52526.20
4726 29481.01
4727 7873.74
4728 20247.18
4729 43618.86
4730 32043.18
4731 39673.43
4732 26261.51
4733 6596.88
4734 3873.45
4735 59823.49
4736 28029.22
4737 11708.49
4738 5833.56
4739 17585.40
4740 9286.86
4741 52779.55
4742 17905.86
4743 6081.78
4744 11749.99
4745 28309.57
4746 8021.71
4747 53329.06
4748 16590.63
4749 17356.77
4750 9015.30
4751 66909.92
4752 22047.70
4753 3890.94
4754 14051.57
4755 1499.63
4756 49967.93
4757 13918.77
4758 6001.49
4759 2400.42
4760 26631.84
4761 21684.46
4762 8390.16
4763 28984.23
4764 13378.39
4765 35480.28
4766 19862.68
4767 7789.40
4768 10382.06
4769 7930.24
4770 41700.14
4771 9110.45
4772 20667.05
4773 18979.10
4774 2529.07
4775 8302.92
4776 61058.39
4777 21866.68
4778 11871.59
4779 33030.71
4780 27539.61
4781 7712.54
4782 10844.10
4783 20372.49
4784 24288.52
4785 56617.20
4786 4705.48
4787 2955.58
4788 12138.10
4789 15967.85
4790 8243.37
4791 40555.26
4792 25044.81
4793 15546.53
4794 34347.44
4795 24356.81
4796 13085.81
4797 23705.02
4798 24769.86
4799 13646.52
4800 41365.49
4801 1784.46
4802 33025.40
4803 6993.49
4804 6767.47
4805 6853.14
4806 15530.27
4807 14909.46
4808 48299.80
4809 36892.08
4810 41314.50
4811 12958.26
4812 37581.12
4813 16742.28
4814 34084.04
4815 18262.12
4816 33123.48
4817 43612.94
4818 19818.80
4819 15993.70
4820 5912.41
4821 9242.19
4822 9759.60
4823 29991.80
4824 11192.54
4825 16946.08
4826 8045.58
4827 26854.73
4828 9661.15
4829 5743.31
4830 5820.67
4831 16413.14
4832 15751.11
4833 6296.27
4834 18414.45
4835 22634.92
4836 10278.44
4837 6642.79
4838 17398.76
4839 43896.20
4840 7472.57
4841 5366.84
4842 3557.93
4843 10498.72
4844 34813.23
4845 14534.46
4846 9013.38
4847 22118.42
4848 25654.73
4849 73042.08
4850 19852.82
4851 31098.35
4852 43602.94
4853 9037.92
4854 6924.93
4855 17444.37
4856 65805.17
4857 81321.55
4858 16879.08
4859 16325.35
4860 15126.29
4861 15747.67
4862 25425.33
4863 28613.70
4864 38176.34
4865 17414.88
4866 23371.39
4867 37742.06
4868 89603.55
4869 1992.21
4870 2477.07
4871 13325.25
4872 6629.49
4873 16204.96
4874 21022.33
4875 11189.78
4876 19819.89
4877 6845.43
4878 15151.07
4879 3765.23
4880 12653.83
4881 14511.10
4882 47058.49
4883 83534.81
4884 9130.82
4885 28295.22
4886 8136.04
4887 28546.60
4888 13620.78
4889 5696.26
4890 10220.49
4891 22766.43
4892 32265.99
4893 24606.98
4894 3432.11
4895 20475.27
4896 10901.43
4897 25543.63
4898 14956.37
4899 19928.90
4900 34224.08
4901 8715.06
4902 22360.39
4903 23555.15
4904 19723.93
4905 50795.06
4906 24757.56
4907 3925.36
4908 21824.48
4909 9389.57
4910 35488.96
4911 42055.95
4912 32918.44
4913 3186.65
4914 7342.04
4915 18606.72
4916 15364.15
4917 4771.20
4918 34870.49
4919 13484.48
4920 18277.02
4921 43209.50
4922 24877.53
4923 28570.05
4924 21667.39
4925 4012.89
4926 7219.09
4927 7982.13
4928 547.02
4929 8830.44
4930 48506.75
4931 28981.09
4932 37289.77
4933 40562.77
4934 18205.72
4935 6425.51
4936 19669.59
4937 31297.35
4938 6475.93
4939 5991.47
4940 3486.58
4941 31989.68
4942 32169.68
4943 19956.87
4944 3540.36
4945 10028.78
4946 41218.25
4947 37279.25
4948 31876.80
4949 36556.20
4950 31642.48
4951 7832.09
4952 21321.76
4953 24739.42
4954 37206.41
4955 40741.72
4956 19475.09
4957 10036.28
4958 9731.29
4959 17919.36
4960 1230.28
4961 16455.95
4962 25539.66
4963 7795.29
4964 24245.44
4965 33984.85
4966 7690.29
4967 40589.93
4968 42602.80
4969 29197.79
4970 19960.72
4971 7689.96
4972 5058.94
4973 14190.08
4974 25591.10
4975 13709.77
4976 9178.98
4977 25390.48
4978 48153.52
4979 4607.05
4980 32228.79
4981 10675.63
4982 23113.40
4983 6145.36
4984 14328.24
4985 26211.18
4986 30382.92
4987 35310.50
4988 8517.82
4989 19377.05
4990 11329.78
4991 14992.90
4992 6559.80
4993 4324.23
4994 16145.16
4995 11689.19
4996 17278.55
4997 10624.12
4998 3470.78
4999 11178.28
Execution time: 15480.62 ms
