Algorithm: BFS
Source: 0

Traversal:
0 1 5 12 2 7 15 4 6 11 25 13 26 3 8 20 14 30 16 34 22 28 10 24 43 29 27 48 18 9 17 19 21 37 31 49 36 33 35 53 23 39 47 46 42 44 66 52 50 65 38 32 40 60 54 72 56 58 69 62 70 45 63 41 59 61 67 88 51 74 64 81 55 57 82 76 71 73 94 78 80 68 85 84 92 79 75 77 83 87 89 96 86 98 93 95 99 90 91 97 

Distances:
0 0
1 1
2 2
3 3
4 2
5 1
6 2
7 2
8 3
9 4
10 3
11 2
12 1
13 2
14 3
15 2
16 3
17 4
18 4
19 4
20 3
21 4
22 3
23 4
24 3
25 2
26 2
27 3
28 3
29 3
30 3
31 4
32 5
33 4
34 3
35 4
36 4
37 4
38 5
39 4
40 5
41 5
42 4
43 3
44 4
45 5
46 4
47 4
48 3
49 4
50 4
51 5
52 4
53 4
54 5
55 6
56 5
57 6
58 5
59 5
60 5
61 5
62 5
63 5
64 5
65 4
66 4
67 5
68 6
69 5
70 5
71 6
72 5
73 6
74 5
75 6
76 6
77 6
78 6
79 6
80 6
81 5
82 6
83 6
84 6
85 6
86 6
87 6
88 5
89 6
90 7
91 7
92 6
93 7
94 6
95 7
96 6
97 7
98 7
99 7

Execution Time: 0 ms
