Algorithm: SSSP
Source: 0

Vertex Distance
0 0
1 4
2 17
3 22
4 24
5 32
6 34
7 39
8 37
9 33
10 45
11 47
12 52
13 54
14 47
15 46
16 44
17 41
18 32
19 20
20 29
21 44
22 50
23 53
24 50
25 48
26 35
27 53
28 47
29 30
30 29
31 32
32 44
33 45
34 47
35 45
36 42
37 57
38 51
39 51
40 49
41 39
42 42
43 32
44 48
45 38
46 29
47 40
48 39
49 41
50 51
51 56
52 45
53 33
54 42
55 35
56 42
57 39
58 50
59 49
60 47
61 48
62 49
63 45
64 50
65 45
66 50
67 47
68 45
69 50
70 42
71 33
72 47
73 48
74 44
75 47
76 31
77 34
78 47
79 51
80 43
81 43
82 50
83 51
84 35
85 51
86 50
87 51
88 47
89 52
90 42
91 50
92 40
93 25
94 39
95 47
96 52
97 43
98 52
99 56
100 38
101 51
102 39
103 39
104 42
105 54
106 36
107 38
108 51
109 59
110 44
111 54
112 61
113 48
114 40
115 46
116 52
117 47
118 42
119 32
120 29
121 42
122 50
123 41
124 39
125 50
126 50
127 55
128 40
129 42
130 55
131 50
132 43
133 28
134 29
135 42
136 36
137 43
138 37
139 52
140 41
141 33
142 48
143 59
144 49
145 45
146 44
147 48
148 47
149 44
150 50
151 42
152 57
153 44
154 43
155 42
156 30
157 32
158 45
159 48
160 52
161 50
162 63
163 51
164 49
165 47
166 49
167 45
168 40
169 34
170 42
171 53
172 34
173 44
174 40
175 37
176 34
177 21
178 15
179 23
180 30
181 39
182 41
183 44
184 40
185 44
186 46
187 58
188 49
189 52
190 43
191 38
192 29
193 44
194 49
195 53
196 55
197 56
198 52
199 53
200 56
201 58
202 56
203 60
204 46
205 45
206 48
207 44
208 43
209 49
210 51
211 49
212 40
213 30
214 34
215 41
216 44
217 33
218 36
219 39
220 38
221 38
222 41
223 40
224 46
225 51
226 44
227 53
228 53
229 50
230 48
231 33
232 28
233 33
234 38
235 43
236 41
237 51
238 48
239 56
240 42
241 39
242 41
243 43
244 40
245 35
246 42
247 50
248 43
249 34
250 36
251 28
252 34
253 35
254 39
255 48
256 35
257 21
258 27
259 26
260 39
261 45
262 49
263 47
264 52
265 50
266 59
267 52
268 42
269 59
270 49
271 37
272 38
273 42
274 33
275 49
276 47
277 50
278 52
279 39
280 46
281 46
282 45
283 46
284 45
285 47
286 45
287 63
288 51
289 43
290 42
291 47
292 48
293 58
294 39
295 54
296 49
297 47
298 41
299 33
300 35
301 36
302 50
303 53
304 50
305 58
306 39
307 44
308 37
309 43
310 54
311 52
312 54
313 50
314 41
315 53
316 44
317 43
318 32
319 30
320 41
321 44
322 48
323 48
324 53
325 54
326 50
327 50
328 46
329 45
330 55
331 54
332 57
333 46
334 44
335 42
336 45
337 39
338 35
339 39
340 47
341 42
342 56
343 54
344 43
345 36
346 35
347 39
348 39
349 41
350 53
351 63
352 46
353 39
354 50
355 69
356 54
357 64
358 46
359 36
360 49
361 49
362 50
363 44
364 30
365 44
366 47
367 50
368 57
369 43
370 36
371 33
372 42
373 43
374 48
375 60
376 49
377 47
378 29
379 40
380 47
381 32
382 21
383 40
384 48
385 40
386 45
387 53
388 42
389 31
390 33
391 41
392 40
393 48
394 49
395 31
396 33
397 45
398 49
399 45
400 42
401 32
402 39
403 41
404 40
405 46
406 32
407 44
408 36
409 46
410 55
411 57
412 51
413 43
414 46
415 47
416 57
417 51
418 52
419 53
420 46
421 47
422 60
423 48
424 32
425 41
426 40
427 28
428 32
429 49
430 40
431 37
432 42
433 51
434 44
435 50
436 52
437 48
438 50
439 45
440 48
441 52
442 47
443 38
444 35
445 28
446 42
447 54
448 48
449 51
450 34
451 46
452 55
453 49
454 51
455 50
456 53
457 47
458 42
459 34
460 40
461 42
462 45
463 42
464 52
465 47
466 45
467 43
468 45
469 46
470 44
471 43
472 53
473 47
474 65
475 48
476 51
477 47
478 34
479 37
480 44
481 56
482 47
483 46
484 52
485 42
486 39
487 40
488 41
489 54
490 51
491 48
492 37
493 38
494 43
495 51
496 47
497 51
498 50
499 62
500 51
501 39
502 40
503 38
504 45
505 38
506 39
507 42
508 40
509 45
510 40
511 39
512 55
513 53
514 46
515 49
516 40
517 40
518 39
519 47
520 53
521 50
522 45
523 42
524 42
525 41
526 43
527 41
528 47
529 35
530 30
531 41
532 53
533 42
534 47
535 48
536 47
537 58
538 58
539 49
540 45
541 50
542 49
543 43
544 47
545 46
546 45
547 50
548 45
549 53
550 42
551 43
552 37
553 42
554 52
555 51
556 58
557 46
558 40
559 42
560 52
561 45
562 44
563 45
564 42
565 34
566 45
567 43
568 34
569 42
570 43
571 48
572 39
573 22
574 20
575 39
576 43
577 46
578 59
579 59
580 50
581 63
582 54
583 47
584 42
585 48
586 44
587 58
588 50
589 50
590 58
591 49
592 47
593 42
594 40
595 48
596 42
597 47
598 43
599 39
600 59
601 49
602 49
603 41
604 42
605 44
606 44
607 56
608 51
609 39
610 41
611 51
612 44
613 50
614 50
615 49
616 59
617 43
618 40
619 43
620 35
621 40
622 35
623 44
624 45
625 39
626 29
627 24
628 7
629 17
630 34
631 39
632 40
633 41
634 58
635 50
636 49
637 46
638 58
639 52
640 41
641 27
642 24
643 32
644 36
645 35
646 41
647 42
648 56
649 59
650 51
651 50
652 46
653 40
654 34
655 35
656 40
657 32
658 40
659 41
660 47
661 40
662 38
663 48
664 48
665 50
666 56
667 47
668 48
669 41
670 37
671 38
672 49
673 48
674 40
675 41
676 42
677 59
678 44
679 44
680 44
681 37
682 31
683 35
684 37
685 39
686 47
687 36
688 30
689 34
690 36
691 39
692 52
693 54
694 46
695 30
696 39
697 57
698 46
699 48
700 53
701 48
702 57
703 53
704 56
705 58
706 60
707 51
708 49
709 37
710 55
711 49
712 45
713 47
714 42
715 38
716 54
717 43
718 39
719 46
720 53
721 46
722 53
723 59
724 49
725 37
726 43
727 43
728 48
729 43
730 46
731 45
732 40
733 50
734 41
735 42
736 29
737 34
738 47
739 50
740 47
741 44
742 54
743 40
744 45
745 52
746 57
747 50
748 38
749 41
750 48
751 41
752 42
753 50
754 55
755 44
756 47
757 47
758 41
759 49
760 41
761 40
762 39
763 41
764 45
765 39
766 38
767 48
768 55
769 48
770 52
771 54
772 47
773 51
774 48
775 46
776 45
777 39
778 37
779 30
780 38
781 35
782 48
783 52
784 53
785 48
786 57
787 48
788 41
789 44
790 39
791 31
792 29
793 37
794 35
795 49
796 40
797 39
798 47
799 48
800 43
801 57
802 52
803 43
804 48
805 54
806 46
807 53
808 65
809 54
810 44
811 43
812 41
813 47
814 37
815 37
816 41
817 42
818 52
819 45
820 56
821 49
822 49
823 49
824 41
825 34
826 35
827 31
828 46
829 46
830 45
831 42
832 44
833 54
834 43
835 41
836 39
837 40
838 53
839 47
840 51
841 59
842 61
843 46
844 42
845 55
846 47
847 58
848 47
849 55
850 42
851 41
852 43
853 53
854 42
855 33
856 32
857 41
858 40
859 42
860 52
861 49
862 39
863 30
864 39
865 34
866 36
867 45
868 57
869 54
870 45
871 47
872 47
873 41
874 45
875 38
876 37
877 34
878 40
879 42
880 46
881 47
882 45
883 54
884 49
885 53
886 46
887 53
888 43
889 42
890 30
891 39
892 50
893 54
894 45
895 41
896 33
897 37
898 39
899 41
900 40
901 42
902 35
903 45
904 46
905 43
906 48
907 48
908 36
909 53
910 47
911 44
912 56
913 51
914 49
915 47
916 36
917 39
918 44
919 49
920 41
921 37
922 24
923 16
924 34
925 40
926 50
927 59
928 66
929 67
930 52
931 41
932 42
933 41
934 26
935 46
936 57
937 39
938 44
939 61
940 60
941 44
942 41
943 39
944 36
945 33
946 51
947 40
948 34
949 48
950 51
951 56
952 52
953 62
954 56
955 51
956 40
957 43
958 45
959 41
960 41
961 40
962 48
963 46
964 45
965 43
966 44
967 50
968 48
969 42
970 55
971 41
972 51
973 43
974 54
975 51
976 42
977 29
978 39
979 51
980 44
981 57
982 50
983 42
984 46
985 45
986 36
987 41
988 47
989 50
990 50
991 53
992 35
993 40
994 42
995 46
996 51
997 59
998 42
999 33
1000 28
1001 30
1002 37
1003 38
1004 49
1005 44
1006 46
1007 58
1008 54
1009 46
1010 39
1011 51
1012 46
1013 48
1014 46
1015 48
1016 36
1017 40
1018 45
1019 42
1020 40
1021 47
1022 54
1023 62
1024 43
1025 44
1026 37
1027 43
1028 43
1029 42
1030 43
1031 42
1032 44
1033 50
1034 54
1035 58
1036 47
1037 46
1038 43
1039 44
1040 44
1041 31
1042 38
1043 44
1044 43
1045 49
1046 38
1047 48
1048 35
1049 53
1050 53
1051 49
1052 40
1053 31
1054 42
1055 40
1056 41
1057 46
1058 54
1059 50
1060 45
1061 57
1062 55
1063 51
1064 34
1065 25
1066 37
1067 39
1068 41
1069 31
1070 40
1071 47
1072 46
1073 55
1074 44
1075 43
1076 57
1077 51
1078 48
1079 54
1080 43
1081 47
1082 43
1083 39
1084 40
1085 43
1086 34
1087 29
1088 30
1089 40
1090 35
1091 48
1092 42
1093 41
1094 35
1095 46
1096 39
1097 45
1098 59
1099 44
1100 38
1101 31
1102 49
1103 58
1104 52
1105 49
1106 45
1107 38
1108 31
1109 42
1110 40
1111 47
1112 38
1113 52
1114 46
1115 46
1116 47
1117 47
1118 31
1119 24
1120 27
1121 34
1122 33
1123 43
1124 40
1125 36
1126 43
1127 45
1128 35
1129 46
1130 45
1131 43
1132 44
1133 48
1134 46
1135 48
1136 37
1137 36
1138 45
1139 47
1140 46
1141 46
1142 47
1143 58
1144 53
1145 33
1146 43
1147 46
1148 50
1149 42
1150 37
1151 51
1152 48
1153 47
1154 47
1155 38
1156 47
1157 42
1158 46
1159 55
1160 50
1161 46
1162 35
1163 36
1164 47
1165 45
1166 57
1167 41
1168 48
1169 51
1170 49
1171 59
1172 58
1173 44
1174 43
1175 42
1176 41
1177 48
1178 47
1179 61
1180 49
1181 54
1182 37
1183 39
1184 44
1185 43
1186 50
1187 49
1188 50
1189 50
1190 50
1191 42
1192 57
1193 57
1194 47
1195 34
1196 16
1197 30
1198 33
1199 40
1200 38
1201 34
1202 43
1203 44
1204 35
1205 26
1206 36
1207 21
1208 39
1209 40
1210 52
1211 48
1212 61
1213 50
1214 50
1215 45
1216 36
1217 33
1218 44
1219 48
1220 50
1221 47
1222 37
1223 42
1224 37
1225 49
1226 45
1227 38
1228 51
1229 42
1230 26
1231 38
1232 51
1233 43
1234 33
1235 36
1236 45
1237 38
1238 37
1239 49
1240 52
1241 51
1242 46
1243 41
1244 41
1245 45
1246 49
1247 47
1248 55
1249 42
1250 38
1251 51
1252 44
1253 46
1254 48
1255 48
1256 42
1257 46
1258 52
1259 49
1260 48
1261 37
1262 29
1263 35
1264 37
1265 50
1266 55
1267 49
1268 44
1269 42
1270 37
1271 46
1272 45
1273 42
1274 44
1275 45
1276 46
1277 33
1278 35
1279 48
1280 52
1281 49
1282 43
1283 40
1284 53
1285 52
1286 47
1287 50
1288 36
1289 52
1290 49
1291 47
1292 51
1293 50
1294 49
1295 43
1296 52
1297 46
1298 54
1299 51
1300 47
1301 51
1302 53
1303 58
1304 39
1305 43
1306 49
1307 40
1308 44
1309 51
1310 51
1311 46
1312 50
1313 49
1314 59
1315 56
1316 39
1317 33
1318 36
1319 37
1320 41
1321 38
1322 42
1323 43
1324 47
1325 54
1326 54
1327 41
1328 45
1329 51
1330 39
1331 40
1332 38
1333 46
1334 51
1335 41
1336 45
1337 35
1338 36
1339 48
1340 54
1341 44
1342 43
1343 47
1344 42
1345 39
1346 44
1347 42
1348 43
1349 42
1350 41
1351 44
1352 42
1353 31
1354 24
1355 16
1356 34
1357 42
1358 55
1359 58
1360 49
1361 47
1362 37
1363 39
1364 42
1365 41
1366 45
1367 42
1368 40
1369 39
1370 45
1371 47
1372 35
1373 37
1374 41
1375 42
1376 38
1377 25
1378 40
1379 41
1380 29
1381 27
1382 44
1383 45
1384 54
1385 40
1386 39
1387 35
1388 53
1389 58
1390 50
1391 56
1392 44
1393 51
1394 36
1395 46
1396 48
1397 42
1398 44
1399 53
1400 36
1401 32
1402 39
1403 49
1404 45
1405 45
1406 39
1407 44
1408 47
1409 44
1410 38
1411 41
1412 42
1413 49
1414 59
1415 41
1416 45
1417 54
1418 48
1419 40
1420 41
1421 45
1422 40
1423 43
1424 39
1425 46
1426 32
1427 42
1428 55
1429 40
1430 41
1431 46
1432 40
1433 50
1434 53
1435 55
1436 50
1437 46
1438 36
1439 48
1440 44
1441 40
1442 58
1443 49
1444 41
1445 40
1446 39
1447 39
1448 49
1449 38
1450 36
1451 48
1452 52
1453 42
1454 46
1455 49
1456 38
1457 40
1458 42
1459 48
1460 50
1461 40
1462 42
1463 46
1464 44
1465 36
1466 39
1467 52
1468 47
1469 51
1470 37
1471 46
1472 44
1473 53
1474 60
1475 54
1476 44
1477 55
1478 51
1479 49
1480 36
1481 41
1482 39
1483 24
1484 29
1485 46
1486 53
1487 49
1488 44
1489 44
1490 37
1491 39
1492 44
1493 46
1494 55
1495 45
1496 54
1497 60
1498 57
1499 52
1500 51
1501 45
1502 40
1503 41
1504 38
1505 45
1506 55
1507 62
1508 43
1509 36
1510 40
1511 41
1512 48
1513 53
1514 51
1515 53
1516 47
1517 47
1518 46
1519 45
1520 39
1521 36
1522 35
1523 33
1524 25
1525 41
1526 56
1527 38
1528 36
1529 41
1530 50
1531 49
1532 56
1533 39
1534 39
1535 43
1536 55
1537 53
1538 54
1539 40
1540 39
1541 36
1542 45
1543 32
1544 39
1545 43
1546 45
1547 46
1548 48
1549 45
1550 38
1551 41
1552 42
1553 42
1554 38
1555 35
1556 37
1557 38
1558 54
1559 52
1560 56
1561 57
1562 47
1563 52
1564 47
1565 48
1566 53
1567 44
1568 44
1569 34
1570 45
1571 32
1572 40
1573 47
1574 48
1575 42
1576 38
1577 39
1578 55
1579 52
1580 42
1581 39
1582 54
1583 49
1584 37
1585 50
1586 42
1587 43
1588 45
1589 57
1590 51
1591 49
1592 46
1593 48
1594 33
1595 29
1596 35
1597 37
1598 44
1599 30
1600 41
1601 54
1602 42
1603 38
1604 39
1605 37
1606 40
1607 52
1608 51
1609 39
1610 40
1611 42
1612 55
1613 46
1614 44
1615 48
1616 49
1617 52
1618 53
1619 52
1620 61
1621 53
1622 45
1623 37
1624 44
1625 57
1626 42
1627 45
1628 54
1629 40
1630 47
1631 46
1632 42
1633 55
1634 48
1635 50
1636 43
1637 32
1638 42
1639 38
1640 58
1641 54
1642 50
1643 36
1644 36
1645 49
1646 45
1647 55
1648 58
1649 42
1650 48
1651 39
1652 37
1653 38
1654 41
1655 39
1656 50
1657 51
1658 50
1659 48
1660 38
1661 52
1662 45
1663 44
1664 38
1665 49
1666 53
1667 45
1668 45
1669 53
1670 35
1671 48
1672 50
1673 40
1674 35
1675 46
1676 44
1677 35
1678 36
1679 37
1680 47
1681 48
1682 52
1683 49
1684 41
1685 40
1686 50
1687 43
1688 44
1689 39
1690 43
1691 46
1692 53
1693 53
1694 52
1695 55
1696 52
1697 50
1698 48
1699 35
1700 43
1701 47
1702 55
1703 53
1704 55
1705 46
1706 41
1707 35
1708 39
1709 38
1710 47
1711 44
1712 38
1713 48
1714 47
1715 55
1716 52
1717 42
1718 46
1719 56
1720 48
1721 49
1722 37
1723 38
1724 40
1725 41
1726 44
1727 38
1728 46
1729 41
1730 40
1731 45
1732 36
1733 40
1734 45
1735 51
1736 46
1737 54
1738 46
1739 42
1740 42
1741 49
1742 42
1743 47
1744 45
1745 46
1746 42
1747 47
1748 46
1749 47
1750 46
1751 38
1752 44
1753 46
1754 55
1755 52
1756 50
1757 49
1758 41
1759 40
1760 39
1761 48
1762 46
1763 57
1764 50
1765 47
1766 56
1767 50
1768 53
1769 47
1770 41
1771 44
1772 35
1773 48
1774 45
1775 44
1776 46
1777 41
1778 52
1779 51
1780 54
1781 42
1782 45
1783 30
1784 13
1785 18
1786 36
1787 40
1788 53
1789 42
1790 48
1791 40
1792 42
1793 54
1794 47
1795 43
1796 51
1797 47
1798 49
1799 42
1800 46
1801 42
1802 28
1803 40
1804 38
1805 40
1806 46
1807 53
1808 38
1809 47
1810 33
1811 49
1812 51
1813 47
1814 40
1815 37
1816 48
1817 49
1818 35
1819 41
1820 37
1821 29
1822 28
1823 26
1824 7
1825 25
1826 39
1827 44
1828 47
1829 50
1830 40
1831 32
1832 41
1833 44
1834 56
1835 59
1836 59
1837 50
1838 53
1839 40
1840 41
1841 45
1842 43
1843 50
1844 45
1845 46
1846 46
1847 49
1848 36
1849 42
1850 42
1851 40
1852 42
1853 48
1854 54
1855 43
1856 39
1857 46
1858 50
1859 42
1860 40
1861 55
1862 49
1863 50
1864 42
1865 43
1866 61
1867 61
1868 58
1869 43
1870 51
1871 54
1872 38
1873 45
1874 30
1875 34
1876 37
1877 49
1878 40
1879 49
1880 39
1881 43
1882 44
1883 45
1884 49
1885 50
1886 49
1887 50
1888 54
1889 44
1890 31
1891 44
1892 40
1893 37
1894 35
1895 50
1896 43
1897 43
1898 38
1899 57
1900 51
1901 48
1902 34
1903 41
1904 48
1905 42
1906 45
1907 51
1908 54
1909 46
1910 35
1911 28
1912 44
1913 43
1914 29
1915 31
1916 50
1917 46
1918 45
1919 50
1920 42
1921 43
1922 34
1923 38
1924 50
1925 39
1926 46
1927 42
1928 41
1929 30
1930 44
1931 38
1932 43
1933 49
1934 48
1935 29
1936 35
1937 37
1938 31
1939 51
1940 57
1941 57
1942 51
1943 50
1944 36
1945 45
1946 42
1947 49
1948 40
1949 39
1950 45
1951 50
1952 54
1953 48
1954 52
1955 54
1956 55
1957 48
1958 49
1959 44
1960 43
1961 44
1962 40
1963 53
1964 42
1965 48
1966 53
1967 48
1968 53
1969 50
1970 65
1971 50
1972 49
1973 41
1974 48
1975 39
1976 43
1977 57
1978 52
1979 38
1980 48
1981 43
1982 38
1983 45
1984 58
1985 42
1986 45
1987 36
1988 38
1989 50
1990 56
1991 51
1992 45
1993 46
1994 50
1995 53
1996 46
1997 50
1998 41
1999 42
2000 50
2001 42
2002 44
2003 45
2004 41
2005 39
2006 40
2007 52
2008 56
2009 53
2010 51
2011 48
2012 51
2013 42
2014 41
2015 48
2016 36
2017 45
2018 50
2019 39
2020 28
2021 43
2022 40
2023 45
2024 42
2025 46
2026 40
2027 46
2028 51
2029 46
2030 49
2031 47
2032 66
2033 68
2034 50
2035 40
2036 39
2037 50
2038 46
2039 50
2040 36
2041 36
2042 41
2043 43
2044 42
2045 43
2046 42
2047 29
2048 34
2049 38
2050 37
2051 36
2052 40
2053 41
2054 51
2055 41
2056 33
2057 23
2058 31
2059 39
2060 35
2061 41
2062 59
2063 52
2064 48
2065 43
2066 50
2067 46
2068 47
2069 36
2070 38
2071 28
2072 44
2073 46
2074 40
2075 49
2076 46
2077 43
2078 49
2079 47
2080 60
2081 44
2082 51
2083 47
2084 41
2085 44
2086 43
2087 41
2088 45
2089 37
2090 44
2091 46
2092 50
2093 52
2094 45
2095 45
2096 51
2097 49
2098 44
2099 41
2100 45
2101 49
2102 44
2103 41
2104 39
2105 43
2106 53
2107 50
2108 59
2109 54
2110 47
2111 46
2112 51
2113 51
2114 49
2115 39
2116 47
2117 45
2118 51
2119 40
2120 35
2121 33
2122 36
2123 46
2124 44
2125 38
2126 41
2127 41
2128 49
2129 52
2130 52
2131 37
2132 39
2133 43
2134 35
2135 24
2136 36
2137 39
2138 50
2139 57
2140 50
2141 51
2142 37
2143 43
2144 37
2145 35
2146 39
2147 40
2148 47
2149 48
2150 48
2151 45
2152 40
2153 38
2154 36
2155 38
2156 42
2157 35
2158 36
2159 42
2160 48
2161 40
2162 37
2163 32
2164 39
2165 41
2166 59
2167 55
2168 54
2169 49
2170 41
2171 38
2172 51
2173 52
2174 41
2175 42
2176 39
2177 43
2178 57
2179 50
2180 47
2181 49
2182 38
2183 47
2184 48
2185 47
2186 39
2187 40
2188 46
2189 42
2190 56
2191 51
2192 38
2193 29
2194 13
2195 6
2196 16
2197 18
2198 20
2199 30
2200 47
2201 53
2202 52
2203 54
2204 48
2205 43
2206 54
2207 48
2208 33
2209 43
2210 39
2211 46
2212 42
2213 46
2214 40
2215 43
2216 49
2217 35
2218 45
2219 43
2220 48
2221 43
2222 38
2223 48
2224 36
2225 33
2226 30
2227 32
2228 50
2229 43
2230 45
2231 51
2232 58
2233 41
2234 46
2235 34
2236 50
2237 49
2238 56
2239 48
2240 54
2241 57
2242 51
2243 41
2244 37
2245 50
2246 36
2247 44
2248 39
2249 41
2250 48
2251 63
2252 61
2253 58
2254 55
2255 62
2256 47
2257 50
2258 54
2259 50
2260 47
2261 38
2262 40
2263 49
2264 55
2265 51
2266 43
2267 40
2268 35
2269 40
2270 44
2271 40
2272 38
2273 39
2274 40
2275 45
2276 40
2277 52
2278 46
2279 44
2280 48
2281 42
2282 43
2283 46
2284 39
2285 30
2286 44
2287 43
2288 39
2289 46
2290 37
2291 29
2292 49
2293 42
2294 48
2295 47
2296 45
2297 40
2298 30
2299 31
2300 41
2301 46
2302 45
2303 54
2304 53
2305 54
2306 65
2307 55
2308 39
2309 30
2310 39
2311 46
2312 39
2313 38
2314 43
2315 43
2316 42
2317 27
2318 45
2319 49
2320 38
2321 45
2322 41
2323 45
2324 43
2325 48
2326 57
2327 49
2328 57
2329 43
2330 47
2331 56
2332 65
2333 56
2334 51
2335 38
2336 25
2337 36
2338 46
2339 43
2340 45
2341 48
2342 49
2343 34
2344 45
2345 47
2346 42
2347 41
2348 33
2349 28
2350 29
2351 31
2352 32
2353 44
2354 51
2355 54
2356 56
2357 50
2358 44
2359 47
2360 46
2361 42
2362 30
2363 34
2364 30
2365 29
2366 39
2367 36
2368 50
2369 35
2370 32
2371 30
2372 37
2373 44
2374 45
2375 37
2376 43
2377 50
2378 44
2379 50
2380 47
2381 48
2382 56
2383 49
2384 33
2385 38
2386 40
2387 32
2388 42
2389 45
2390 40
2391 46
2392 46
2393 49
2394 47
2395 45
2396 43
2397 37
2398 51
2399 53
2400 40
2401 53
2402 49
2403 44
2404 47
2405 43
2406 50
2407 39
2408 42
2409 51
2410 46
2411 41
2412 37
2413 39
2414 51
2415 47
2416 50
2417 44
2418 36
2419 44
2420 56
2421 53
2422 50
2423 39
2424 53
2425 41
2426 40
2427 46
2428 31
2429 45
2430 47
2431 39
2432 54
2433 51
2434 52
2435 50
2436 44
2437 46
2438 35
2439 53
2440 43
2441 42
2442 49
2443 45
2444 47
2445 55
2446 56
2447 53
2448 38
2449 36
2450 19
2451 12
2452 32
2453 33
2454 46
2455 49
2456 48
2457 49
2458 46
2459 39
2460 36
2461 46
2462 44
2463 49
2464 56
2465 50
2466 45
2467 40
2468 43
2469 61
2470 47
2471 40
2472 59
2473 60
2474 47
2475 36
2476 41
2477 47
2478 40
2479 34
2480 37
2481 28
2482 40
2483 47
2484 53
2485 62
2486 42
2487 41
2488 43
2489 44
2490 47
2491 48
2492 45
2493 42
2494 29
2495 44
2496 37
2497 43
2498 40
2499 28
2500 29
2501 47
2502 50
2503 35
2504 38
2505 44
2506 47
2507 40
2508 38
2509 45
2510 50
2511 52
2512 44
2513 39
2514 40
2515 41
2516 38
2517 37
2518 41
2519 39
2520 50
2521 59
2522 42
2523 45
2524 44
2525 43
2526 50
2527 33
2528 44
2529 51
2530 36
2531 45
2532 49
2533 58
2534 46
2535 47
2536 53
2537 46
2538 39
2539 34
2540 51
2541 47
2542 43
2543 31
2544 33
2545 52
2546 52
2547 40
2548 36
2549 35
2550 34
2551 45
2552 55
2553 47
2554 47
2555 48
2556 53
2557 48
2558 51
2559 43
2560 42
2561 45
2562 46
2563 49
2564 55
2565 59
2566 53
2567 43
2568 39
2569 38
2570 39
2571 41
2572 48
2573 53
2574 49
2575 47
2576 44
2577 40
2578 30
2579 35
2580 40
2581 42
2582 42
2583 44
2584 46
2585 47
2586 51
2587 53
2588 47
2589 48
2590 48
2591 35
2592 45
2593 46
2594 49
2595 37
2596 32
2597 45
2598 45
2599 42
2600 43
2601 40
2602 30
2603 36
2604 42
2605 58
2606 44
2607 45
2608 36
2609 42
2610 44
2611 41
2612 51
2613 56
2614 41
2615 44
2616 38
2617 40
2618 50
2619 49
2620 40
2621 33
2622 37
2623 46
2624 43
2625 47
2626 44
2627 28
2628 46
2629 55
2630 48
2631 46
2632 48
2633 52
2634 55
2635 48
2636 40
2637 38
2638 24
2639 40
2640 21
2641 32
2642 46
2643 46
2644 48
2645 48
2646 51
2647 46
2648 45
2649 44
2650 43
2651 48
2652 51
2653 50
2654 49
2655 61
2656 53
2657 57
2658 43
2659 55
2660 47
2661 48
2662 45
2663 35
2664 37
2665 44
2666 45
2667 45
2668 47
2669 52
2670 48
2671 37
2672 37
2673 54
2674 51
2675 47
2676 44
2677 41
2678 43
2679 50
2680 50
2681 49
2682 50
2683 55
2684 49
2685 58
2686 57
2687 50
2688 46
2689 54
2690 60
2691 61
2692 50
2693 52
2694 37
2695 41
2696 49
2697 47
2698 31
2699 33
2700 41
2701 42
2702 43
2703 39
2704 52
2705 51
2706 36
2707 43
2708 52
2709 51
2710 40
2711 32
2712 43
2713 54
2714 39
2715 39
2716 43
2717 40
2718 39
2719 56
2720 46
2721 38
2722 42
2723 47
2724 44
2725 48
2726 55
2727 47
2728 46
2729 52
2730 49
2731 43
2732 40
2733 51
2734 37
2735 42
2736 54
2737 48
2738 46
2739 51
2740 49
2741 45
2742 47
2743 58
2744 53
2745 52
2746 53
2747 55
2748 49
2749 57
2750 48
2751 50
2752 44
2753 32
2754 41
2755 47
2756 48
2757 52
2758 46
2759 38
2760 31
2761 35
2762 47
2763 40
2764 48
2765 51
2766 39
2767 35
2768 41
2769 28
2770 41
2771 52
2772 47
2773 48
2774 47
2775 37
2776 51
2777 44
2778 38
2779 47
2780 56
2781 58
2782 52
2783 70
2784 56
2785 54
2786 59
2787 42
2788 43
2789 51
2790 52
2791 51
2792 41
2793 42
2794 48
2795 39
2796 48
2797 54
2798 55
2799 71
2800 58
2801 46
2802 40
2803 43
2804 54
2805 43
2806 44
2807 40
2808 53
2809 52
2810 42
2811 36
2812 33
2813 43
2814 46
2815 47
2816 45
2817 40
2818 39
2819 30
2820 34
2821 49
2822 43
2823 43
2824 41
2825 57
2826 59
2827 57
2828 43
2829 45
2830 44
2831 48
2832 49
2833 46
2834 56
2835 50
2836 55
2837 45
2838 50
2839 41
2840 43
2841 48
2842 47
2843 50
2844 53
2845 35
2846 43
2847 33
2848 48
2849 51
2850 46
2851 35
2852 48
2853 47
2854 47
2855 39
2856 40
2857 37
2858 30
2859 45
2860 50
2861 47
2862 44
2863 48
2864 49
2865 34
2866 30
2867 36
2868 46
2869 51
2870 56
2871 64
2872 59
2873 48
2874 52
2875 51
2876 50
2877 47
2878 36
2879 34
2880 39
2881 43
2882 52
2883 45
2884 43
2885 50
2886 39
2887 45
2888 42
2889 41
2890 37
2891 43
2892 37
2893 42
2894 46
2895 44
2896 52
2897 45
2898 40
2899 39
2900 47
2901 37
2902 49
2903 43
2904 45
2905 47
2906 46
2907 41
2908 49
2909 43
2910 43
2911 42
2912 41
2913 39
2914 30
2915 33
2916 44
2917 45
2918 46
2919 54
2920 44
2921 44
2922 36
2923 40
2924 50
2925 52
2926 46
2927 41
2928 53
2929 44
2930 46
2931 44
2932 43
2933 45
2934 42
2935 35
2936 43
2937 49
2938 46
2939 36
2940 48
2941 43
2942 48
2943 56
2944 43
2945 45
2946 47
2947 44
2948 42
2949 47
2950 42
2951 40
2952 46
2953 65
2954 54
2955 46
2956 44
2957 35
2958 29
2959 38
2960 42
2961 47
2962 31
2963 25
2964 27
2965 19
2966 34
2967 40
2968 39
2969 39
2970 50
2971 50
2972 45
2973 34
2974 42
2975 49
2976 38
2977 49
2978 48
2979 47
2980 47
2981 36
2982 38
2983 29
2984 45
2985 51
2986 45
2987 46
2988 38
2989 43
2990 49
2991 46
2992 43
2993 46
2994 44
2995 41
2996 37
2997 40
2998 51
2999 48
3000 49
3001 53
3002 51
3003 53
3004 54
3005 45
3006 40
3007 51
3008 44
3009 51
3010 43
3011 45
3012 59
3013 42
3014 46
3015 37
3016 35
3017 34
3018 39
3019 41
3020 36
3021 38
3022 40
3023 33
3024 30
3025 34
3026 38
3027 30
3028 25
3029 36
3030 50
3031 56
3032 53
3033 39
3034 42
3035 40
3036 40
3037 51
3038 58
3039 54
3040 51
3041 32
3042 38
3043 40
3044 42
3045 45
3046 49
3047 43
3048 39
3049 38
3050 48
3051 49
3052 50
3053 59
3054 51
3055 43
3056 41
3057 45
3058 50
3059 47
3060 45
3061 48
3062 49
3063 37
3064 37
3065 36
3066 36
3067 47
3068 48
3069 50
3070 41
3071 43
3072 44
3073 43
3074 35
3075 47
3076 49
3077 53
3078 48
3079 47
3080 50
3081 48
3082 40
3083 39
3084 45
3085 47
3086 44
3087 32
3088 45
3089 39
3090 28
3091 10
3092 29
3093 32
3094 25
3095 17
3096 26
3097 29
3098 42
3099 25
3100 34
3101 38
3102 54
3103 52
3104 45
3105 43
3106 45
3107 41
3108 40
3109 34
3110 45
3111 51
3112 44
3113 42
3114 36
3115 52
3116 42
3117 51
3118 52
3119 48
3120 44
3121 31
3122 39
3123 40
3124 41
3125 40
3126 53
3127 56
3128 55
3129 57
3130 43
3131 50
3132 46
3133 48
3134 35
3135 36
3136 23
3137 29
3138 37
3139 45
3140 39
3141 43
3142 57
3143 51
3144 50
3145 49
3146 33
3147 42
3148 57
3149 41
3150 44
3151 43
3152 45
3153 45
3154 49
3155 44
3156 36
3157 37
3158 44
3159 42
3160 58
3161 38
3162 30
3163 25
3164 40
3165 37
3166 39
3167 36
3168 38
3169 40
3170 49
3171 48
3172 36
3173 41
3174 42
3175 33
3176 27
3177 46
3178 62
3179 67
3180 65
3181 49
3182 41
3183 44
3184 45
3185 37
3186 22
3187 26
3188 32
3189 35
3190 35
3191 40
3192 45
3193 36
3194 50
3195 40
3196 38
3197 39
3198 41
3199 52
3200 52
3201 46
3202 41
3203 35
3204 30
3205 43
3206 46
3207 33
3208 34
3209 45
3210 40
3211 24
3212 15
3213 23
3214 36
3215 40
3216 42
3217 52
3218 45
3219 44
3220 58
3221 57
3222 53
3223 49
3224 44
3225 51
3226 43
3227 46
3228 43
3229 44
3230 33
3231 35
3232 45
3233 50
3234 46
3235 37
3236 39
3237 50
3238 52
3239 52
3240 49
3241 55
3242 46
3243 43
3244 44
3245 49
3246 44
3247 44
3248 46
3249 37
3250 33
3251 27
3252 25
3253 31
3254 51
3255 40
3256 37
3257 40
3258 44
3259 47
3260 41
3261 35
3262 28
3263 36
3264 53
3265 45
3266 48
3267 49
3268 45
3269 34
3270 45
3271 49
3272 37
3273 50
3274 53
3275 48
3276 49
3277 45
3278 40
3279 45
3280 54
3281 48
3282 48
3283 52
3284 35
3285 38
3286 40
3287 42
3288 40
3289 54
3290 54
3291 52
3292 57
3293 56
3294 51
3295 47
3296 49
3297 48
3298 55
3299 43
3300 40
3301 44
3302 44
3303 35
3304 51
3305 50
3306 46
3307 49
3308 64
3309 49
3310 45
3311 53
3312 37
3313 46
3314 36
3315 44
3316 39
3317 35
3318 39
3319 39
3320 50
3321 50
3322 50
3323 40
3324 52
3325 53
3326 45
3327 45
3328 43
3329 38
3330 40
3331 46
3332 50
3333 43
3334 33
3335 44
3336 44
3337 41
3338 48
3339 64
3340 46
3341 59
3342 48
3343 47
3344 49
3345 51
3346 40
3347 50
3348 45
3349 35
3350 39
3351 38
3352 48
3353 43
3354 45
3355 32
3356 42
3357 38
3358 22
3359 10
3360 11
3361 25
3362 43
3363 35
3364 44
3365 34
3366 30
3367 28
3368 29
3369 27
3370 38
3371 43
3372 48
3373 50
3374 40
3375 42
3376 51
3377 50
3378 47
3379 44
3380 56
3381 58
3382 48
3383 46
3384 50
3385 44
3386 39
3387 36
3388 49
3389 56
3390 60
3391 56
3392 57
3393 44
3394 47
3395 56
3396 60
3397 50
3398 39
3399 42
3400 39
3401 46
3402 33
3403 45
3404 34
3405 25
3406 40
3407 43
3408 45
3409 48
3410 53
3411 54
3412 40
3413 38
3414 29
3415 44
3416 44
3417 43
3418 38
3419 46
3420 43
3421 47
3422 56
3423 39
3424 52
3425 53
3426 55
3427 56
3428 51
3429 66
3430 61
3431 44
3432 36
3433 38
3434 39
3435 45
3436 46
3437 36
3438 32
3439 41
3440 40
3441 49
3442 40
3443 43
3444 43
3445 45
3446 48
3447 52
3448 43
3449 41
3450 42
3451 31
3452 29
3453 40
3454 49
3455 50
3456 53
3457 47
3458 43
3459 43
3460 39
3461 45
3462 49
3463 44
3464 44
3465 45
3466 33
3467 31
3468 41
3469 52
3470 47
3471 35
3472 33
3473 42
3474 50
3475 60
3476 45
3477 43
3478 38
3479 39
3480 43
3481 41
3482 50
3483 35
3484 48
3485 47
3486 46
3487 44
3488 42
3489 40
3490 49
3491 41
3492 46
3493 44
3494 60
3495 56
3496 52
3497 39
3498 41
3499 54
3500 51
3501 61
3502 54
3503 50
3504 54
3505 52
3506 41
3507 47
3508 40
3509 49
3510 54
3511 42
3512 45
3513 49
3514 46
3515 42
3516 52
3517 41
3518 49
3519 53
3520 63
3521 43
3522 44
3523 42
3524 50
3525 38
3526 42
3527 41
3528 47
3529 34
3530 41
3531 42
3532 49
3533 54
3534 42
3535 44
3536 51
3537 47
3538 48
3539 37
3540 36
3541 38
3542 45
3543 49
3544 53
3545 46
3546 47
3547 41
3548 41
3549 37
3550 35
3551 47
3552 45
3553 51
3554 48
3555 45
3556 48
3557 38
3558 35
3559 32
3560 40
3561 46
3562 45
3563 34
3564 37
3565 44
3566 42
3567 51
3568 61
3569 46
3570 41
3571 44
3572 47
3573 43
3574 30
3575 45
3576 51
3577 57
3578 47
3579 49
3580 51
3581 51
3582 50
3583 45
3584 32
3585 29
3586 44
3587 48
3588 42
3589 52
3590 41
3591 40
3592 48
3593 37
3594 35
3595 33
3596 40
3597 48
3598 42
3599 52
3600 53
3601 57
3602 43
3603 49
3604 49
3605 40
3606 43
3607 42
3608 44
3609 50
3610 41
3611 58
3612 48
3613 43
3614 37
3615 40
3616 42
3617 39
3618 37
3619 19
3620 37
3621 40
3622 49
3623 56
3624 49
3625 46
3626 36
3627 47
3628 48
3629 44
3630 42
3631 49
3632 50
3633 53
3634 51
3635 44
3636 51
3637 56
3638 42
3639 48
3640 48
3641 41
3642 47
3643 58
3644 62
3645 44
3646 52
3647 55
3648 52
3649 33
3650 43
3651 40
3652 31
3653 27
3654 21
3655 17
3656 21
3657 30
3658 38
3659 34
3660 43
3661 52
3662 42
3663 43
3664 51
3665 59
3666 50
3667 46
3668 39
3669 44
3670 48
3671 47
3672 43
3673 42
3674 53
3675 42
3676 48
3677 42
3678 51
3679 55
3680 36
3681 46
3682 43
3683 54
3684 47
3685 51
3686 53
3687 55
3688 47
3689 44
3690 52
3691 38
3692 33
3693 28
3694 34
3695 34
3696 35
3697 39
3698 31
3699 46
3700 44
3701 52
3702 36
3703 39
3704 41
3705 48
3706 36
3707 43
3708 44
3709 38
3710 50
3711 49
3712 46
3713 46
3714 43
3715 39
3716 47
3717 42
3718 42
3719 36
3720 46
3721 52
3722 56
3723 50
3724 56
3725 37
3726 39
3727 45
3728 49
3729 32
3730 40
3731 44
3732 46
3733 62
3734 49
3735 48
3736 50
3737 50
3738 34
3739 47
3740 47
3741 54
3742 48
3743 52
3744 43
3745 33
3746 39
3747 51
3748 57
3749 53
3750 43
3751 54
3752 44
3753 61
3754 55
3755 43
3756 45
3757 36
3758 29
3759 18
3760 20
3761 27
3762 29
3763 39
3764 55
3765 64
3766 55
3767 60
3768 58
3769 54
3770 53
3771 49
3772 38
3773 51
3774 49
3775 50
3776 41
3777 54
3778 50
3779 48
3780 44
3781 39
3782 47
3783 51
3784 53
3785 41
3786 52
3787 47
3788 36
3789 41
3790 48
3791 42
3792 41
3793 49
3794 49
3795 46
3796 44
3797 54
3798 50
3799 53
3800 47
3801 40
3802 52
3803 48
3804 43
3805 48
3806 45
3807 57
3808 51
3809 46
3810 34
3811 42
3812 49
3813 54
3814 48
3815 46
3816 38
3817 41
3818 44
3819 50
3820 42
3821 52
3822 49
3823 48
3824 47
3825 45
3826 51
3827 36
3828 35
3829 40
3830 40
3831 50
3832 69
3833 60
3834 55
3835 45
3836 56
3837 45
3838 47
3839 43
3840 41
3841 42
3842 47
3843 52
3844 34
3845 47
3846 52
3847 48
3848 56
3849 53
3850 46
3851 38
3852 35
3853 37
3854 38
3855 43
3856 43
3857 47
3858 50
3859 49
3860 39
3861 35
3862 36
3863 36
3864 34
3865 45
3866 43
3867 41
3868 40
3869 33
3870 41
3871 44
3872 37
3873 40
3874 51
3875 43
3876 38
3877 35
3878 45
3879 52
3880 32
3881 41
3882 44
3883 55
3884 45
3885 52
3886 47
3887 54
3888 51
3889 41
3890 32
3891 31
3892 34
3893 54
3894 65
3895 56
3896 60
3897 48
3898 38
3899 45
3900 49
3901 45
3902 48
3903 50
3904 43
3905 50
3906 44
3907 50
3908 47
3909 47
3910 50
3911 51
3912 50
3913 33
3914 30
3915 48
3916 54
3917 44
3918 55
3919 46
3920 47
3921 54
3922 56
3923 61
3924 50
3925 54
3926 43
3927 44
3928 46
3929 30
3930 25
3931 18
3932 24
3933 25
3934 43
3935 49
3936 53
3937 45
3938 50
3939 52
3940 64
3941 54
3942 48
3943 57
3944 49
3945 51
3946 42
3947 60
3948 66
3949 66
3950 47
3951 41
3952 46
3953 41
3954 38
3955 37
3956 39
3957 43
3958 47
3959 41
3960 50
3961 47
3962 57
3963 50
3964 42
3965 46
3966 43
3967 54
3968 50
3969 43
3970 57
3971 44
3972 34
3973 23
3974 22
3975 27
3976 44
3977 37
3978 48
3979 42
3980 34
3981 47
3982 49
3983 31
3984 35
3985 40
3986 56
3987 49
3988 46
3989 52
3990 44
3991 47
3992 45
3993 49
3994 49
3995 49
3996 40
3997 50
3998 49
3999 34
4000 47
4001 49
4002 49
4003 34
4004 29
4005 31
4006 37
4007 50
4008 49
4009 54
4010 42
4011 45
4012 46
4013 45
4014 58
4015 53
4016 53
4017 51
4018 47
4019 37
4020 39
4021 34
4022 37
4023 51
4024 45
4025 53
4026 55
4027 43
4028 47
4029 49
4030 54
4031 41
4032 40
4033 33
4034 37
4035 44
4036 49
4037 46
4038 37
4039 31
4040 47
4041 49
4042 61
4043 47
4044 41
4045 40
4046 42
4047 56
4048 56
4049 53
4050 45
4051 46
4052 52
4053 44
4054 38
4055 35
4056 41
4057 45
4058 51
4059 50
4060 51
4061 45
4062 37
4063 35
4064 36
4065 45
4066 48
4067 50
4068 41
4069 38
4070 42
4071 40
4072 45
4073 47
4074 34
4075 29
4076 34
4077 45
4078 34
4079 50
4080 46
4081 48
4082 46
4083 41
4084 43
4085 39
4086 37
4087 42
4088 55
4089 35
4090 39
4091 39
4092 46
4093 43
4094 44
4095 57
4096 53
4097 62
4098 59
4099 43
4100 44
4101 51
4102 39
4103 35
4104 31
4105 29
4106 41
4107 51
4108 47
4109 45
4110 27
4111 25
4112 34
4113 36
4114 39
4115 45
4116 43
4117 46
4118 43
4119 31
4120 48
4121 49
4122 44
4123 42
4124 41
4125 38
4126 38
4127 41
4128 37
4129 44
4130 43
4131 46
4132 45
4133 43
4134 40
4135 43
4136 50
4137 37
4138 48
4139 55
4140 43
4141 33
4142 41
4143 51
4144 48
4145 39
4146 35
4147 31
4148 32
4149 37
4150 47
4151 53
4152 41
4153 53
4154 42
4155 41
4156 40
4157 43
4158 44
4159 35
4160 27
4161 44
4162 50
4163 46
4164 43
4165 52
4166 39
4167 46
4168 44
4169 39
4170 42
4171 43
4172 41
4173 41
4174 45
4175 40
4176 56
4177 40
4178 40
4179 50
4180 50
4181 46
4182 44
4183 34
4184 14
4185 17
4186 21
4187 38
4188 46
4189 42
4190 30
4191 32
4192 33
4193 53
4194 40
4195 33
4196 48
4197 44
4198 44
4199 45
4200 37
4201 41
4202 44
4203 45
4204 51
4205 50
4206 47
4207 51
4208 52
4209 45
4210 48
4211 40
4212 24
4213 22
4214 36
4215 48
4216 37
4217 33
4218 25
4219 19
4220 13
4221 21
4222 28
4223 32
4224 41
4225 43
4226 38
4227 39
4228 41
4229 46
4230 51
4231 52
4232 51
4233 56
4234 49
4235 47
4236 42
4237 56
4238 54
4239 42
4240 45
4241 45
4242 49
4243 44
4244 38
4245 44
4246 45
4247 46
4248 47
4249 44
4250 35
4251 44
4252 40
4253 44
4254 42
4255 44
4256 39
4257 35
4258 34
4259 39
4260 44
4261 46
4262 37
4263 39
4264 45
4265 46
4266 32
4267 37
4268 44
4269 47
4270 40
4271 38
4272 32
4273 36
4274 52
4275 57
4276 51
4277 44
4278 43
4279 43
4280 44
4281 45
4282 31
4283 45
4284 49
4285 51
4286 58
4287 49
4288 51
4289 48
4290 43
4291 38
4292 24
4293 23
4294 25
4295 35
4296 43
4297 48
4298 43
4299 48
4300 38
4301 45
4302 59
4303 50
4304 47
4305 43
4306 42
4307 28
4308 31
4309 39
4310 46
4311 47
4312 48
4313 59
4314 44
4315 36
4316 40
4317 36
4318 45
4319 47
4320 39
4321 53
4322 67
4323 56
4324 39
4325 38
4326 41
4327 39
4328 40
4329 53
4330 44
4331 46
4332 47
4333 36
4334 44
4335 46
4336 48
4337 50
4338 49
4339 31
4340 42
4341 40
4342 38
4343 41
4344 45
4345 49
4346 45
4347 51
4348 51
4349 47
4350 38
4351 47
4352 57
4353 54
4354 60
4355 48
4356 50
4357 51
4358 39
4359 35
4360 44
4361 30
4362 36
4363 44
4364 46
4365 54
4366 38
4367 35
4368 52
4369 57
4370 58
4371 53
4372 53
4373 43
4374 41
4375 56
4376 46
4377 44
4378 52
4379 47
4380 37
4381 38
4382 35
4383 22
4384 23
4385 28
4386 33
4387 27
4388 31
4389 38
4390 47
4391 40
4392 42
4393 46
4394 33
4395 36
4396 45
4397 53
4398 55
4399 59
4400 40
4401 46
4402 44
4403 53
4404 47
4405 40
4406 50
4407 37
4408 34
4409 30
4410 31
4411 36
4412 46
4413 57
4414 45
4415 46
4416 36
4417 33
4418 35
4419 34
4420 37
4421 45
4422 47
4423 41
4424 44
4425 45
4426 47
4427 47
4428 57
4429 50
4430 42
4431 38
4432 39
4433 43
4434 46
4435 49
4436 46
4437 44
4438 53
4439 53
4440 39
4441 44
4442 49
4443 53
4444 38
4445 34
4446 38
4447 30
4448 21
4449 19
4450 12
4451 13
4452 17
4453 18
4454 27
4455 37
4456 51
4457 42
4458 45
4459 46
4460 43
4461 40
4462 44
4463 40
4464 47
4465 34
4466 35
4467 41
4468 35
4469 31
4470 38
4471 32
4472 28
4473 24
4474 25
4475 39
4476 36
4477 42
4478 46
4479 38
4480 43
4481 36
4482 48
4483 53
4484 42
4485 40
4486 39
4487 46
4488 41
4489 34
4490 44
4491 43
4492 47
4493 54
4494 45
4495 36
4496 55
4497 52
4498 37
4499 36
4500 32
4501 47
4502 33
4503 41
4504 35
4505 42
4506 40
4507 50
4508 42
4509 47
4510 50
4511 56
4512 48
4513 44
4514 42
4515 41
4516 34
4517 32
4518 28
4519 26
4520 42
4521 55
4522 44
4523 57
4524 54
4525 47
4526 46
4527 33
4528 47
4529 47
4530 40
4531 49
4532 53
4533 58
4534 52
4535 63
4536 49
4537 45
4538 44
4539 31
4540 42
4541 48
4542 41
4543 37
4544 47
4545 37
4546 42
4547 46
4548 41
4549 27
4550 42
4551 44
4552 49
4553 48
4554 41
4555 44
4556 45
4557 42
4558 43
4559 38
4560 45
4561 51
4562 48
4563 35
4564 40
4565 60
4566 48
4567 53
4568 51
4569 41
4570 38
4571 47
4572 56
4573 46
4574 53
4575 53
4576 45
4577 38
4578 40
4579 33
4580 35
4581 39
4582 52
4583 47
4584 44
4585 39
4586 42
4587 47
4588 49
4589 36
4590 47
4591 49
4592 48
4593 52
4594 43
4595 40
4596 44
4597 49
4598 49
4599 51
4600 48
4601 50
4602 43
4603 40
4604 48
4605 47
4606 57
4607 43
4608 35
4609 44
4610 49
4611 42
4612 41
4613 44
4614 47
4615 47
4616 44
4617 42
4618 36
4619 37
4620 38
4621 43
4622 44
4623 38
4624 37
4625 38
4626 43
4627 53
4628 47
4629 65
4630 57
4631 53
4632 51
4633 39
4634 46
4635 43
4636 44
4637 46
4638 50
4639 48
4640 49
4641 46
4642 55
4643 45
4644 40
4645 26
4646 35
4647 41
4648 43
4649 40
4650 47
4651 44
4652 48
4653 53
4654 43
4655 50
4656 44
4657 44
4658 46
4659 47
4660 40
4661 39
4662 38
4663 49
4664 48
4665 31
4666 36
4667 41
4668 31
4669 43
4670 44
4671 44
4672 41
4673 32
4674 39
4675 37
4676 47
4677 43
4678 38
4679 32
4680 30
4681 18
4682 36
4683 32
4684 38
4685 47
4686 42
4687 29
4688 39
4689 46
4690 45
4691 39
4692 42
4693 34
4694 31
4695 30
4696 27
4697 40
4698 41
4699 40
4700 32
4701 38
4702 46
4703 41
4704 38
4705 36
4706 34
4707 32
4708 42
4709 37
4710 39
4711 42
4712 53
4713 51
4714 44
4715 41
4716 46
4717 43
4718 41
4719 56
4720 51
4721 54
4722 47
4723 57
4724 47
4725 50
4726 56
4727 46
4728 43
4729 48
4730 43
4731 46
4732 47
4733 50
4734 40
4735 39
4736 34
4737 27
4738 43
4739 41
4740 43
4741 49
4742 49
4743 35
4744 36
4745 40
4746 44
4747 43
4748 31
4749 43
4750 40
4751 44
4752 54
4753 47
4754 45
4755 41
4756 40
4757 50
4758 41
4759 35
4760 27
4761 30
4762 40
4763 44
4764 42
4765 31
4766 39
4767 37
4768 42
4769 46
4770 47
4771 51
4772 41
4773 40
4774 53
4775 50
4776 51
4777 48
4778 40
4779 53
4780 46
4781 41
4782 42
4783 50
4784 45
4785 51
4786 45
4787 50
4788 53
4789 54
4790 49
4791 41
4792 51
4793 47
4794 42
4795 31
4796 40
4797 47
4798 54
4799 48
4800 41
4801 41
4802 54
4803 51
4804 47
4805 43
4806 45
4807 50
4808 57
4809 43
4810 28
4811 25
4812 34
4813 39
4814 47
4815 49
4816 55
4817 41
4818 27
4819 46
4820 45
4821 44
4822 48
4823 56
4824 41
4825 43
4826 54
4827 52
4828 53
4829 54
4830 34
4831 34
4832 32
4833 30
4834 36
4835 40
4836 43
4837 42
4838 45
4839 48
4840 57
4841 55
4842 41
4843 30
4844 42
4845 47
4846 47
4847 43
4848 30
4849 45
4850 52
4851 46
4852 33
4853 41
4854 32
4855 37
4856 33
4857 32
4858 36
4859 33
4860 25
4861 20
4862 34
4863 36
4864 47
4865 45
4866 43
4867 32
4868 33
4869 42
4870 53
4871 49
4872 51
4873 44
4874 56
4875 56
4876 45
4877 38
4878 41
4879 43
4880 40
4881 41
4882 52
4883 37
4884 35
4885 40
4886 38
4887 30
4888 39
4889 45
4890 49
4891 44
4892 48
4893 44
4894 45
4895 49
4896 45
4897 45
4898 45
4899 43
4900 50
4901 47
4902 42
4903 30
4904 24
4905 37
4906 34
4907 30
4908 38
4909 46
4910 46
4911 49
4912 47
4913 46
4914 40
4915 36
4916 46
4917 28
4918 26
4919 40
4920 43
4921 51
4922 50
4923 48
4924 46
4925 43
4926 40
4927 48
4928 59
4929 46
4930 50
4931 45
4932 47
4933 48
4934 45
4935 58
4936 50
4937 36
4938 30
4939 30
4940 27
4941 38
4942 49
4943 54
4944 49
4945 55
4946 50
4947 41
4948 47
4949 41
4950 36
4951 44
4952 51
4953 60
4954 40
4955 37
4956 50
4957 46
4958 48
4959 49
4960 47
4961 42
4962 43
4963 43
4964 51
4965 46
4966 31
4967 36
4968 25
4969 32
4970 38
4971 40
4972 53
4973 38
4974 51
4975 48
4976 48
4977 47
4978 48
4979 51
4980 43
4981 44
4982 42
4983 36
4984 41
4985 44
4986 34
4987 32
4988 25
4989 27
4990 37
4991 38
4992 34
4993 43
4994 42
4995 49
4996 41
4997 34
4998 25
4999 41
5000 47
5001 48
5002 47
5003 51
5004 38
5005 39
5006 40
5007 43
5008 45
5009 42
5010 42
5011 45
5012 54
5013 50
5014 49
5015 47
5016 50
5017 51
5018 46
5019 48
5020 52
5021 44
5022 45
5023 47
5024 32
5025 43
5026 26
5027 43
5028 40
5029 35
5030 50
5031 44
5032 39
5033 38
5034 51
5035 49
5036 56
5037 59
5038 47
5039 45
5040 42
5041 43
5042 41
5043 41
5044 46
5045 41
5046 44
5047 45
5048 53
5049 47
5050 44
5051 51
5052 39
5053 42
5054 43
5055 45
5056 37
5057 34
5058 46
5059 51
5060 52
5061 44
5062 52
5063 47
5064 41
5065 40
5066 41
5067 47
5068 56
5069 50
5070 50
5071 45
5072 48
5073 47
5074 46
5075 48
5076 40
5077 45
5078 52
5079 52
5080 50
5081 53
5082 48
5083 51
5084 48
5085 52
5086 61
5087 53
5088 59
5089 52
5090 47
5091 42
5092 47
5093 52
5094 38
5095 37
5096 38
5097 39
5098 39
5099 46
5100 45
5101 35
5102 51
5103 44
5104 49
5105 54
5106 38
5107 48
5108 40
5109 53
5110 45
5111 51
5112 52
5113 50
5114 38
5115 26
5116 39
5117 45
5118 48
5119 36
5120 48
5121 39
5122 48
5123 41
5124 44
5125 50
5126 41
5127 40
5128 42
5129 42
5130 58
5131 49
5132 58
5133 43
5134 44
5135 43
5136 48
5137 35
5138 34
5139 30
5140 26
5141 23
5142 26
5143 43
5144 43
5145 44
5146 52
5147 54
5148 57
5149 44
5150 53
5151 45
5152 41
5153 38
5154 32
5155 43
5156 41
5157 43
5158 59
5159 50
5160 63
5161 55
5162 55
5163 48
5164 34
5165 46
5166 53
5167 48
5168 47
5169 52
5170 40
5171 36
5172 48
5173 49
5174 53
5175 53
5176 40
5177 38
5178 46
5179 41
5180 38
5181 49
5182 46
5183 54
5184 54
5185 39
5186 45
5187 49
5188 48
5189 49
5190 45
5191 53
5192 55
5193 63
5194 53
5195 40
5196 32
5197 35
5198 33
5199 40
5200 43
5201 52
5202 44
5203 37
5204 27
5205 23
5206 34
5207 38
5208 46
5209 49
5210 60
5211 43
5212 50
5213 46
5214 43
5215 48
5216 49
5217 39
5218 42
5219 46
5220 36
5221 48
5222 43
5223 38
5224 52
5225 51
5226 42
5227 34
5228 30
5229 37
5230 44
5231 54
5232 48
5233 47
5234 45
5235 51
5236 47
5237 44
5238 53
5239 57
5240 58
5241 42
5242 45
5243 40
5244 39
5245 47
5246 42
5247 45
5248 46
5249 53
5250 43
5251 48
5252 44
5253 39
5254 45
5255 49
5256 44
5257 60
5258 42
5259 38
5260 46
5261 39
5262 45
5263 48
5264 43
5265 33
5266 26
5267 28
5268 31
5269 31
5270 25
5271 20
5272 39
5273 43
5274 51
5275 42
5276 37
5277 25
5278 33
5279 35
5280 30
5281 29
5282 45
5283 42
5284 41
5285 42
5286 44
5287 47
5288 32
5289 36
5290 33
5291 41
5292 38
5293 46
5294 38
5295 33
5296 36
5297 41
5298 45
5299 37
5300 47
5301 44
5302 45
5303 55
5304 46
5305 38
5306 42
5307 47
5308 49
5309 42
5310 38
5311 40
5312 37
5313 41
5314 58
5315 47
5316 44
5317 42
5318 53
5319 59
5320 49
5321 36
5322 38
5323 44
5324 47
5325 46
5326 45
5327 44
5328 44
5329 48
5330 53
5331 54
5332 42
5333 47
5334 51
5335 47
5336 54
5337 56
5338 46
5339 51
5340 47
5341 42
5342 45
5343 40
5344 45
5345 46
5346 45
5347 51
5348 46
5349 48
5350 47
5351 53
5352 57
5353 52
5354 41
5355 40
5356 43
5357 50
5358 63
5359 49
5360 49
5361 37
5362 33
5363 45
5364 53
5365 43
5366 49
5367 53
5368 40
5369 39
5370 46
5371 44
5372 48
5373 44
5374 40
5375 39
5376 48
5377 46
5378 49
5379 55
5380 52
5381 47
5382 51
5383 48
5384 36
5385 37
5386 45
5387 44
5388 40
5389 50
5390 51
5391 57
5392 45
5393 50
5394 45
5395 53
5396 60
5397 43
5398 54
5399 45
5400 47
5401 53
5402 56
5403 46
5404 47
5405 47
5406 45
5407 41
5408 29
5409 32
5410 38
5411 50
5412 50
5413 54
5414 57
5415 47
5416 49
5417 45
5418 42
5419 49
5420 49
5421 44
5422 48
5423 46
5424 39
5425 30
5426 40
5427 37
5428 30
5429 37
5430 54
5431 59
5432 56
5433 41
5434 46
5435 46
5436 50
5437 45
5438 47
5439 53
5440 47
5441 48
5442 39
5443 43
5444 43
5445 45
5446 34
5447 24
5448 22
5449 24
5450 37
5451 39
5452 45
5453 52
5454 48
5455 47
5456 40
5457 35
5458 53
5459 51
5460 38
5461 40
5462 44
5463 47
5464 47
5465 43
5466 44
5467 43
5468 36
5469 34
5470 32
5471 52
5472 46
5473 42
5474 40
5475 43
5476 42
5477 46
5478 51
5479 49
5480 48
5481 46
5482 46
5483 46
5484 44
5485 47
5486 50
5487 43
5488 47
5489 51
5490 56
5491 45
5492 43
5493 39
5494 47
5495 47
5496 54
5497 34
5498 32
5499 18
5500 25
5501 28
5502 38
5503 43
5504 41
5505 45
5506 40
5507 42
5508 53
5509 58
5510 70
5511 57
5512 41
5513 45
5514 50
5515 39
5516 32
5517 46
5518 38
5519 46
5520 35
5521 42
5522 53
5523 40
5524 50
5525 47
5526 43
5527 46
5528 54
5529 47
5530 36
5531 35
5532 28
5533 44
5534 50
5535 37
5536 29
5537 43
5538 57
5539 47
5540 48
5541 49
5542 38
5543 32
5544 33
5545 43
5546 45
5547 41
5548 36
5549 51
5550 53
5551 47
5552 45
5553 46
5554 33
5555 39
5556 36
5557 35
5558 27
5559 47
5560 52
5561 46
5562 42
5563 44
5564 52
5565 43
5566 39
5567 42
5568 37
5569 45
5570 50
5571 51
5572 51
5573 49
5574 49
5575 52
5576 51
5577 42
5578 47
5579 38
5580 48
5581 45
5582 45
5583 54
5584 42
5585 35
5586 49
5587 48
5588 44
5589 50
5590 45
5591 41
5592 42
5593 44
5594 55
5595 44
5596 36
5597 46
5598 36
5599 29
5600 31
5601 29
5602 40
5603 43
5604 37
5605 41
5606 47
5607 48
5608 48
5609 45
5610 56
5611 43
5612 46
5613 53
5614 63
5615 49
5616 37
5617 38
5618 42
5619 46
5620 41
5621 51
5622 35
5623 50
5624 58
5625 44
5626 42
5627 43
5628 41
5629 42
5630 53
5631 56
5632 57
5633 40
5634 44
5635 50
5636 50
5637 45
5638 55
5639 44
5640 40
5641 33
5642 41
5643 40
5644 43
5645 53
5646 54
5647 40
5648 41
5649 47
5650 42
5651 50
5652 52
5653 57
5654 59
5655 50
5656 50
5657 39
5658 41
5659 42
5660 47
5661 46
5662 48
5663 52
5664 49
5665 46
5666 41
5667 51
5668 40
5669 45
5670 40
5671 33
5672 32
5673 41
5674 49
5675 50
5676 49
5677 48
5678 58
5679 49
5680 37
5681 40
5682 49
5683 52
5684 44
5685 49
5686 46
5687 47
5688 50
5689 46
5690 41
5691 48
5692 45
5693 58
5694 62
5695 47
5696 51
5697 57
5698 46
5699 39
5700 45
5701 44
5702 44
5703 52
5704 54
5705 43
5706 53
5707 49
5708 44
5709 52
5710 52
5711 55
5712 47
5713 49
5714 43
5715 36
5716 47
5717 47
5718 56
5719 61
5720 45
5721 49
5722 42
5723 39
5724 52
5725 55
5726 58
5727 45
5728 42
5729 45
5730 54
5731 48
5732 55
5733 41
5734 47
5735 47
5736 44
5737 55
5738 64
5739 51
5740 37
5741 41
5742 40
5743 32
5744 46
5745 39
5746 42
5747 60
5748 55
5749 45
5750 56
5751 54
5752 60
5753 41
5754 32
5755 39
5756 39
5757 45
5758 31
5759 35
5760 47
5761 49
5762 60
5763 50
5764 53
5765 48
5766 45
5767 45
5768 47
5769 46
5770 46
5771 55
5772 53
5773 45
5774 37
5775 38
5776 47
5777 48
5778 48
5779 64
5780 49
5781 45
5782 47
5783 45
5784 59
5785 40
5786 53
5787 48
5788 56
5789 58
5790 45
5791 50
5792 56
5793 54
5794 47
5795 56
5796 42
5797 47
5798 48
5799 51
5800 39
5801 41
5802 31
5803 32
5804 37
5805 41
5806 33
5807 46
5808 54
5809 58
5810 49
5811 43
5812 46
5813 52
5814 52
5815 45
5816 48
5817 43
5818 39
5819 34
5820 36
5821 46
5822 56
5823 55
5824 48
5825 52
5826 43
5827 45
5828 32
5829 43
5830 42
5831 35
5832 45
5833 40
5834 30
5835 41
5836 34
5837 35
5838 37
5839 47
5840 38
5841 45
5842 46
5843 28
5844 32
5845 37
5846 39
5847 45
5848 50
5849 47
5850 43
5851 39
5852 46
5853 45
5854 28
5855 27
5856 19
5857 21
5858 38
5859 39
5860 42
5861 48
5862 46
5863 38
5864 47
5865 39
5866 36
5867 46
5868 46
5869 45
5870 48
5871 46
5872 38
5873 38
5874 45
5875 52
5876 61
5877 55
5878 63
5879 54
5880 53
5881 59
5882 42
5883 35
5884 41
5885 34
5886 38
5887 45
5888 49
5889 48
5890 45
5891 63
5892 49
5893 40
5894 35
5895 41
5896 42
5897 43
5898 23
5899 38
5900 33
5901 37
5902 36
5903 40
5904 52
5905 47
5906 58
5907 42
5908 50
5909 45
5910 54
5911 48
5912 47
5913 49
5914 54
5915 46
5916 45
5917 33
5918 28
5919 22
5920 32
5921 34
5922 43
5923 52
5924 53
5925 43
5926 40
5927 24
5928 21
5929 28
5930 39
5931 38
5932 46
5933 40
5934 35
5935 39
5936 47
5937 44
5938 37
5939 39
5940 48
5941 52
5942 50
5943 51
5944 59
5945 56
5946 51
5947 50
5948 46
5949 44
5950 53
5951 42
5952 49
5953 40
5954 37
5955 43
5956 48
5957 47
5958 47
5959 40
5960 45
5961 37
5962 47
5963 48
5964 63
5965 51
5966 42
5967 46
5968 49
5969 37
5970 38
5971 39
5972 44
5973 34
5974 32
5975 41
5976 55
5977 45
5978 43
5979 37
5980 41
5981 44
5982 50
5983 50
5984 49
5985 41
5986 52
5987 51
5988 51
5989 60
5990 41
5991 49
5992 43
5993 40
5994 31
5995 36
5996 54
5997 62
5998 43
5999 51
6000 37
6001 40
6002 51
6003 42
6004 46
6005 48
6006 43
6007 52
6008 45
6009 41
6010 46
6011 59
6012 43
6013 39
6014 34
6015 41
6016 48
6017 48
6018 49
6019 41
6020 46
6021 47
6022 49
6023 36
6024 49
6025 42
6026 32
6027 38
6028 47
6029 47
6030 41
6031 58
6032 48
6033 41
6034 42
6035 30
6036 27
6037 25
6038 40
6039 40
6040 48
6041 46
6042 55
6043 42
6044 43
6045 42
6046 44
6047 47
6048 38
6049 46
6050 48
6051 47
6052 48
6053 52
6054 47
6055 50
6056 61
6057 44
6058 46
6059 49
6060 49
6061 48
6062 45
6063 51
6064 56
6065 49
6066 37
6067 34
6068 32
6069 26
6070 28
6071 43
6072 37
6073 54
6074 58
6075 56
6076 43
6077 48
6078 51
6079 44
6080 45
6081 34
6082 32
6083 38
6084 43
6085 41
6086 36
6087 37
6088 40
6089 38
6090 47
6091 42
6092 47
6093 46
6094 48
6095 42
6096 39
6097 35
6098 41
6099 40
6100 52
6101 49
6102 48
6103 40
6104 47
6105 30
6106 44
6107 49
6108 47
6109 50
6110 43
6111 41
6112 40
6113 42
6114 38
6115 46
6116 44
6117 32
6118 33
6119 39
6120 47
6121 43
6122 38
6123 57
6124 45
6125 47
6126 64
6127 47
6128 57
6129 52
6130 41
6131 55
6132 49
6133 30
6134 42
6135 55
6136 46
6137 39
6138 42
6139 48
6140 49
6141 53
6142 55
6143 61
6144 55
6145 51
6146 38
6147 41
6148 43
6149 47
6150 53
6151 56
6152 50
6153 47
6154 32
6155 44
6156 42
6157 37
6158 46
6159 41
6160 56
6161 55
6162 46
6163 44
6164 43
6165 45
6166 55
6167 57
6168 47
6169 51
6170 45
6171 46
6172 55
6173 47
6174 48
6175 43
6176 47
6177 45
6178 49
6179 47
6180 46
6181 55
6182 42
6183 38
6184 39
6185 44
6186 33
6187 25
6188 29
6189 39
6190 45
6191 39
6192 44
6193 51
6194 35
6195 37
6196 39
6197 40
6198 51
6199 53
6200 37
6201 35
6202 38
6203 47
6204 41
6205 42
6206 38
6207 38
6208 21
6209 15
6210 20
6211 35
6212 47
6213 41
6214 43
6215 41
6216 38
6217 54
6218 45
6219 43
6220 46
6221 47
6222 65
6223 55
6224 53
6225 44
6226 46
6227 45
6228 40
6229 42
6230 61
6231 49
6232 47
6233 48
6234 36
6235 32
6236 34
6237 37
6238 48
6239 39
6240 45
6241 38
6242 35
6243 45
6244 47
6245 48
6246 40
6247 44
6248 42
6249 47
6250 40
6251 54
6252 55
6253 45
6254 49
6255 48
6256 49
6257 52
6258 52
6259 51
6260 54
6261 51
6262 45
6263 44
6264 47
6265 44
6266 43
6267 49
6268 46
6269 31
6270 49
6271 54
6272 45
6273 45
6274 34
6275 37
6276 42
6277 40
6278 59
6279 47
6280 49
6281 47
6282 54
6283 49
6284 42
6285 44
6286 31
6287 14
6288 25
6289 45
6290 47
6291 62
6292 52
6293 41
6294 45
6295 56
6296 45
6297 37
6298 37
6299 34
6300 36
6301 37
6302 40
6303 38
6304 45
6305 44
6306 47
6307 51
6308 53
6309 52
6310 47
6311 49
6312 48
6313 38
6314 31
6315 43
6316 47
6317 41
6318 40
6319 53
6320 56
6321 36
6322 53
6323 50
6324 46
6325 45
6326 48
6327 44
6328 54
6329 55
6330 48
6331 49
6332 59
6333 58
6334 48
6335 46
6336 50
6337 46
6338 47
6339 47
6340 51
6341 44
6342 37
6343 43
6344 44
6345 48
6346 49
6347 44
6348 43
6349 27
6350 39
6351 43
6352 33
6353 28
6354 14
6355 13
6356 31
6357 34
6358 35
6359 39
6360 45
6361 53
6362 45
6363 45
6364 62
6365 42
6366 44
6367 48
6368 42
6369 43
6370 43
6371 47
6372 35
6373 40
6374 47
6375 44
6376 48
6377 42
6378 45
6379 36
6380 56
6381 60
6382 51
6383 42
6384 37
6385 33
6386 46
6387 47
6388 44
6389 57
6390 44
6391 47
6392 39
6393 36
6394 41
6395 35
6396 39
6397 44
6398 55
6399 42
6400 43
6401 49
6402 49
6403 62
6404 47
6405 30
6406 42
6407 43
6408 50
6409 44
6410 35
6411 45
6412 51
6413 48
6414 50
6415 58
6416 43
6417 34
6418 40
6419 44
6420 41
6421 49
6422 45
6423 41
6424 45
6425 41
6426 32
6427 29
6428 32
6429 46
6430 57
6431 53
6432 42
6433 40
6434 44
6435 50
6436 47
6437 38
6438 35
6439 45
6440 42
6441 44
6442 48
6443 44
6444 53
6445 46
6446 52
6447 59
6448 48
6449 52
6450 58
6451 56
6452 43
6453 32
6454 40
6455 40
6456 46
6457 44
6458 43
6459 47
6460 43
6461 55
6462 61
6463 41
6464 45
6465 40
6466 35
6467 40
6468 43
6469 33
6470 29
6471 48
6472 53
6473 46
6474 45
6475 52
6476 47
6477 51
6478 47
6479 38
6480 42
6481 35
6482 32
6483 35
6484 48
6485 47
6486 53
6487 54
6488 51
6489 48
6490 42
6491 35
6492 41
6493 39
6494 38
6495 47
6496 44
6497 49
6498 36
6499 39
6500 37
6501 45
6502 61
6503 44
6504 50
6505 47
6506 59
6507 50
6508 47
6509 46
6510 41
6511 49
6512 44
6513 34
6514 39
6515 33
6516 46
6517 51
6518 44
6519 44
6520 40
6521 37
6522 42
6523 43
6524 43
6525 46
6526 56
6527 42
6528 57
6529 44
6530 42
6531 41
6532 29
6533 32
6534 39
6535 40
6536 42
6537 45
6538 48
6539 46
6540 44
6541 49
6542 60
6543 50
6544 46
6545 38
6546 39
6547 40
6548 49
6549 36
6550 24
6551 20
6552 32
6553 37
6554 38
6555 44
6556 57
6557 47
6558 39
6559 51
6560 35
6561 42
6562 41
6563 43
6564 40
6565 32
6566 19
6567 14
6568 18
6569 30
6570 45
6571 47
6572 37
6573 34
6574 35
6575 52
6576 49
6577 42
6578 47
6579 50
6580 49
6581 52
6582 44
6583 48
6584 46
6585 49
6586 42
6587 40
6588 41
6589 52
6590 50
6591 47
6592 45
6593 60
6594 46
6595 46
6596 55
6597 43
6598 34
6599 31
6600 27
6601 36
6602 37
6603 29
6604 39
6605 41
6606 41
6607 50
6608 50
6609 41
6610 42
6611 33
6612 41
6613 38
6614 40
6615 38
6616 35
6617 44
6618 48
6619 38
6620 36
6621 25
6622 45
6623 41
6624 37
6625 42
6626 44
6627 41
6628 41
6629 33
6630 22
6631 27
6632 42
6633 46
6634 42
6635 48
6636 46
6637 53
6638 56
6639 52
6640 50
6641 49
6642 43
6643 46
6644 39
6645 45
6646 41
6647 33
6648 35
6649 46
6650 38
6651 51
6652 47
6653 39
6654 56
6655 55
6656 42
6657 50
6658 48
6659 47
6660 45
6661 36
6662 34
6663 36
6664 40
6665 44
6666 44
6667 50
6668 48
6669 42
6670 41
6671 52
6672 39
6673 47
6674 38
6675 40
6676 43
6677 43
6678 46
6679 55
6680 47
6681 42
6682 35
6683 37
6684 47
6685 47
6686 59
6687 60
6688 53
6689 52
6690 39
6691 30
6692 22
6693 31
6694 51
6695 48
6696 56
6697 52
6698 52
6699 52
6700 44
6701 41
6702 38
6703 50
6704 45
6705 48
6706 44
6707 46
6708 50
6709 47
6710 40
6711 42
6712 50
6713 42
6714 50
6715 58
6716 45
6717 41
6718 53
6719 35
6720 24
6721 35
6722 40
6723 51
6724 43
6725 45
6726 39
6727 42
6728 50
6729 43
6730 56
6731 50
6732 42
6733 54
6734 50
6735 49
6736 43
6737 42
6738 37
6739 35
6740 39
6741 47
6742 41
6743 41
6744 42
6745 38
6746 54
6747 54
6748 49
6749 46
6750 45
6751 44
6752 50
6753 47
6754 42
6755 32
6756 44
6757 54
6758 46
6759 56
6760 50
6761 45
6762 39
6763 44
6764 36
6765 46
6766 52
6767 45
6768 58
6769 51
6770 47
6771 42
6772 45
6773 55
6774 48
6775 32
6776 40
6777 42
6778 29
6779 44
6780 44
6781 30
6782 36
6783 46
6784 46
6785 44
6786 37
6787 34
6788 36
6789 18
6790 13
6791 33
6792 41
6793 46
6794 44
6795 38
6796 36
6797 41
6798 53
6799 42
6800 60
6801 59
6802 40
6803 51
6804 55
6805 59
6806 54
6807 51
6808 44
6809 44
6810 42
6811 35
6812 22
6813 35
6814 37
6815 48
6816 55
6817 47
6818 37
6819 45
6820 43
6821 35
6822 50
6823 50
6824 44
6825 35
6826 34
6827 33
6828 47
6829 50
6830 56
6831 41
6832 37
6833 28
6834 27
6835 34
6836 38
6837 40
6838 46
6839 35
6840 31
6841 40
6842 47
6843 54
6844 47
6845 44
6846 49
6847 41
6848 32
6849 48
6850 56
6851 39
6852 41
6853 46
6854 39
6855 34
6856 28
6857 27
6858 39
6859 43
6860 48
6861 52
6862 42
6863 43
6864 47
6865 47
6866 48
6867 52
6868 51
6869 51
6870 42
6871 35
6872 43
6873 44
6874 45
6875 51
6876 42
6877 47
6878 51
6879 49
6880 42
6881 43
6882 37
6883 46
6884 47
6885 46
6886 44
6887 37
6888 35
6889 45
6890 49
6891 54
6892 57
6893 45
6894 45
6895 42
6896 53
6897 47
6898 51
6899 43
6900 52
6901 52
6902 48
6903 45
6904 46
6905 51
6906 45
6907 46
6908 34
6909 33
6910 39
6911 55
6912 57
6913 48
6914 43
6915 46
6916 42
6917 34
6918 46
6919 47
6920 50
6921 51
6922 39
6923 38
6924 51
6925 49
6926 47
6927 42
6928 44
6929 43
6930 53
6931 43
6932 40
6933 53
6934 47
6935 51
6936 58
6937 50
6938 43
6939 37
6940 38
6941 44
6942 39
6943 31
6944 42
6945 42
6946 43
6947 53
6948 49
6949 48
6950 48
6951 52
6952 52
6953 62
6954 61
6955 45
6956 49
6957 46
6958 45
6959 48
6960 46
6961 54
6962 37
6963 54
6964 65
6965 54
6966 49
6967 56
6968 45
6969 37
6970 29
6971 42
6972 43
6973 49
6974 51
6975 34
6976 41
6977 44
6978 41
6979 27
6980 42
6981 48
6982 44
6983 48
6984 46
6985 51
6986 55
6987 52
6988 57
6989 44
6990 41
6991 41
6992 40
6993 42
6994 49
6995 48
6996 49
6997 47
6998 43
6999 45
7000 49
7001 45
7002 44
7003 40
7004 38
7005 37
7006 46
7007 46
7008 47
7009 46
7010 44
7011 40
7012 38
7013 51
7014 47
7015 34
7016 51
7017 47
7018 35
7019 40
7020 48
7021 44
7022 41
7023 51
7024 46
7025 50
7026 43
7027 46
7028 49
7029 33
7030 39
7031 47
7032 47
7033 49
7034 47
7035 39
7036 42
7037 46
7038 47
7039 43
7040 30
7041 38
7042 36
7043 43
7044 46
7045 54
7046 53
7047 46
7048 28
7049 25
7050 29
7051 33
7052 47
7053 47
7054 56
7055 43
7056 47
7057 51
7058 50
7059 52
7060 42
7061 37
7062 36
7063 35
7064 44
7065 42
7066 47
7067 42
7068 39
7069 40
7070 41
7071 39
7072 49
7073 44
7074 51
7075 44
7076 50
7077 53
7078 36
7079 40
7080 47
7081 37
7082 41
7083 42
7084 40
7085 39
7086 40
7087 41
7088 41
7089 43
7090 48
7091 34
7092 50
7093 48
7094 38
7095 48
7096 45
7097 46
7098 41
7099 39
7100 47
7101 39
7102 45
7103 45
7104 44
7105 40
7106 57
7107 50
7108 44
7109 45
7110 39
7111 51
7112 38
7113 46
7114 43
7115 50
7116 56
7117 46
7118 44
7119 38
7120 35
7121 40
7122 26
7123 35
7124 32
7125 44
7126 46
7127 51
7128 49
7129 59
7130 44
7131 45
7132 34
7133 44
7134 43
7135 48
7136 33
7137 41
7138 52
7139 40
7140 57
7141 46
7142 44
7143 49
7144 53
7145 48
7146 51
7147 51
7148 55
7149 47
7150 30
7151 40
7152 46
7153 49
7154 56
7155 47
7156 45
7157 34
7158 40
7159 37
7160 46
7161 48
7162 47
7163 43
7164 54
7165 49
7166 32
7167 44
7168 52
7169 61
7170 47
7171 34
7172 39
7173 37
7174 44
7175 44
7176 45
7177 49
7178 43
7179 45
7180 49
7181 55
7182 49
7183 46
7184 44
7185 40
7186 43
7187 40
7188 35
7189 32
7190 41
7191 38
7192 45
7193 47
7194 38
7195 47
7196 49
7197 44
7198 49
7199 61
7200 52
7201 35
7202 48
7203 51
7204 43
7205 46
7206 41
7207 37
7208 52
7209 50
7210 42
7211 46
7212 44
7213 46
7214 48
7215 38
7216 40
7217 48
7218 55
7219 50
7220 42
7221 41
7222 43
7223 45
7224 54
7225 47
7226 43
7227 35
7228 39
7229 55
7230 41
7231 45
7232 48
7233 52
7234 55
7235 51
7236 51
7237 40
7238 43
7239 46
7240 55
7241 54
7242 40
7243 46
7244 49
7245 44
7246 40
7247 48
7248 49
7249 50
7250 46
7251 45
7252 47
7253 45
7254 45
7255 46
7256 43
7257 47
7258 43
7259 40
7260 39
7261 41
7262 48
7263 56
7264 53
7265 44
7266 45
7267 61
7268 47
7269 43
7270 48
7271 52
7272 49
7273 45
7274 40
7275 29
7276 27
7277 45
7278 53
7279 50
7280 51
7281 55
7282 49
7283 51
7284 52
7285 49
7286 50
7287 52
7288 52
7289 48
7290 51
7291 46
7292 42
7293 33
7294 39
7295 40
7296 51
7297 58
7298 48
7299 42
7300 46
7301 41
7302 47
7303 51
7304 44
7305 46
7306 53
7307 49
7308 34
7309 39
7310 49
7311 30
7312 33
7313 35
7314 42
7315 46
7316 48
7317 51
7318 43
7319 55
7320 50
7321 53
7322 47
7323 45
7324 35
7325 44
7326 47
7327 43
7328 39
7329 49
7330 48
7331 57
7332 71
7333 55
7334 51
7335 48
7336 45
7337 40
7338 35
7339 46
7340 52
7341 48
7342 40
7343 42
7344 48
7345 29
7346 41
7347 44
7348 62
7349 48
7350 55
7351 56
7352 68
7353 50
7354 36
7355 38
7356 35
7357 34
7358 40
7359 43
7360 49
7361 45
7362 51
7363 52
7364 41
7365 47
7366 45
7367 31
7368 34
7369 46
7370 49
7371 46
7372 42
7373 42
7374 38
7375 33
7376 40
7377 42
7378 48
7379 30
7380 41
7381 42
7382 45
7383 49
7384 52
7385 60
7386 64
7387 57
7388 38
7389 28
7390 39
7391 36
7392 39
7393 51
7394 48
7395 46
7396 52
7397 59
7398 39
7399 45
7400 38
7401 49
7402 54
7403 59
7404 50
7405 47
7406 63
7407 45
7408 46
7409 45
7410 38
7411 42
7412 45
7413 37
7414 49
7415 46
7416 44
7417 46
7418 44
7419 48
7420 42
7421 39
7422 38
7423 49
7424 48
7425 48
7426 42
7427 38
7428 37
7429 39
7430 44
7431 48
7432 47
7433 44
7434 48
7435 50
7436 39
7437 53
7438 48
7439 56
7440 57
7441 58
7442 43
7443 39
7444 44
7445 48
7446 53
7447 43
7448 34
7449 42
7450 50
7451 68
7452 55
7453 42
7454 46
7455 54
7456 44
7457 43
7458 37
7459 34
7460 47
7461 53
7462 47
7463 45
7464 53
7465 45
7466 37
7467 39
7468 46
7469 39
7470 32
7471 35
7472 38
7473 51
7474 48
7475 42
7476 57
7477 60
7478 62
7479 61
7480 54
7481 43
7482 53
7483 49
7484 55
7485 51
7486 51
7487 43
7488 35
7489 33
7490 41
7491 53
7492 56
7493 49
7494 59
7495 48
7496 54
7497 45
7498 40
7499 29
7500 40
7501 41
7502 45
7503 49
7504 44
7505 40
7506 45
7507 42
7508 37
7509 36
7510 45
7511 41
7512 43
7513 34
7514 44
7515 49
7516 44
7517 36
7518 28
7519 29
7520 35
7521 36
7522 50
7523 52
7524 46
7525 44
7526 56
7527 37
7528 51
7529 38
7530 44
7531 45
7532 37
7533 41
7534 42
7535 48
7536 43
7537 31
7538 45
7539 59
7540 56
7541 46
7542 54
7543 46
7544 48
7545 47
7546 39
7547 43
7548 47
7549 45
7550 40
7551 40
7552 39
7553 50
7554 40
7555 52
7556 53
7557 48
7558 46
7559 39
7560 31
7561 39
7562 40
7563 47
7564 46
7565 41
7566 52
7567 45
7568 38
7569 51
7570 52
7571 55
7572 60
7573 45
7574 50
7575 39
7576 47
7577 42
7578 38
7579 44
7580 47
7581 51
7582 41
7583 39
7584 26
7585 23
7586 32
7587 39
7588 41
7589 47
7590 47
7591 46
7592 29
7593 34
7594 39
7595 37
7596 32
7597 48
7598 50
7599 45
7600 64
7601 50
7602 43
7603 44
7604 54
7605 48
7606 37
7607 40
7608 44
7609 48
7610 55
7611 42
7612 28
7613 27
7614 39
7615 50
7616 52
7617 41
7618 44
7619 47
7620 52
7621 52
7622 52
7623 46
7624 45
7625 49
7626 46
7627 44
7628 26
7629 39
7630 40
7631 42
7632 31
7633 39
7634 27
7635 43
7636 51
7637 56
7638 47
7639 47
7640 44
7641 44
7642 55
7643 49
7644 46
7645 57
7646 49
7647 45
7648 46
7649 51
7650 56
7651 43
7652 28
7653 42
7654 39
7655 42
7656 47
7657 39
7658 42
7659 44
7660 44
7661 40
7662 40
7663 44
7664 43
7665 39
7666 40
7667 27
7668 40
7669 52
7670 53
7671 48
7672 52
7673 42
7674 41
7675 46
7676 50
7677 50
7678 43
7679 40
7680 35
7681 46
7682 52
7683 51
7684 48
7685 38
7686 41
7687 42
7688 43
7689 55
7690 52
7691 48
7692 38
7693 36
7694 34
7695 34
7696 49
7697 52
7698 44
7699 43
7700 45
7701 43
7702 48
7703 36
7704 49
7705 40
7706 47
7707 44
7708 34
7709 35
7710 36
7711 43
7712 46
7713 44
7714 48
7715 47
7716 42
7717 36
7718 49
7719 48
7720 45
7721 44
7722 49
7723 48
7724 40
7725 41
7726 36
7727 43
7728 39
7729 43
7730 43
7731 51
7732 49
7733 54
7734 46
7735 33
7736 29
7737 36
7738 53
7739 50
7740 38
7741 34
7742 36
7743 39
7744 58
7745 43
7746 57
7747 61
7748 42
7749 47
7750 50
7751 36
7752 38
7753 41
7754 45
7755 48
7756 46
7757 38
7758 48
7759 48
7760 36
7761 37
7762 43
7763 51
7764 50
7765 38
7766 43
7767 43
7768 48
7769 37
7770 44
7771 38
7772 32
7773 26
7774 28
7775 38
7776 41
7777 52
7778 41
7779 39
7780 29
7781 33
7782 48
7783 49
7784 47
7785 44
7786 43
7787 57
7788 46
7789 44
7790 42
7791 47
7792 45
7793 34
7794 41
7795 34
7796 41
7797 53
7798 47
7799 45
7800 32
7801 39
7802 47
7803 47
7804 55
7805 38
7806 42
7807 38
7808 29
7809 39
7810 45
7811 41
7812 38
7813 55
7814 50
7815 48
7816 56
7817 44
7818 36
7819 45
7820 49
7821 44
7822 49
7823 50
7824 50
7825 37
7826 34
7827 36
7828 40
7829 50
7830 47
7831 50
7832 44
7833 34
7834 51
7835 58
7836 51
7837 45
7838 49
7839 51
7840 58
7841 55
7842 56
7843 41
7844 36
7845 50
7846 60
7847 48
7848 51
7849 43
7850 42
7851 35
7852 46
7853 57
7854 42
7855 50
7856 45
7857 44
7858 40
7859 31
7860 35
7861 36
7862 52
7863 48
7864 35
7865 33
7866 46
7867 48
7868 37
7869 46
7870 50
7871 36
7872 29
7873 44
7874 46
7875 53
7876 48
7877 43
7878 41
7879 41
7880 48
7881 40
7882 33
7883 35
7884 40
7885 32
7886 40
7887 54
7888 47
7889 46
7890 42
7891 50
7892 52
7893 45
7894 46
7895 48
7896 42
7897 39
7898 48
7899 38
7900 37
7901 33
7902 40
7903 28
7904 29
7905 39
7906 44
7907 43
7908 31
7909 34
7910 34
7911 38
7912 38
7913 51
7914 36
7915 31
7916 39
7917 47
7918 49
7919 38
7920 44
7921 40
7922 32
7923 20
7924 29
7925 37
7926 38
7927 44
7928 46
7929 43
7930 50
7931 49
7932 51
7933 47
7934 38
7935 44
7936 46
7937 43
7938 38
7939 54
7940 41
7941 39
7942 52
7943 57
7944 52
7945 60
7946 43
7947 49
7948 60
7949 46
7950 35
7951 39
7952 43
7953 49
7954 40
7955 33
7956 31
7957 43
7958 51
7959 50
7960 49
7961 49
7962 35
7963 37
7964 39
7965 42
7966 50
7967 34
7968 48
7969 57
7970 59
7971 50
7972 57
7973 44
7974 42
7975 58
7976 45
7977 43
7978 51
7979 45
7980 44
7981 44
7982 48
7983 51
7984 46
7985 48
7986 51
7987 49
7988 47
7989 55
7990 53
7991 45
7992 42
7993 40
7994 45
7995 55
7996 50
7997 34
7998 40
7999 45
8000 44
8001 63
8002 54
8003 55
8004 49
8005 48
8006 46
8007 54
8008 50
8009 45
8010 45
8011 48
8012 51
8013 65
8014 50
8015 63
8016 45
8017 47
8018 48
8019 45
8020 52
8021 46
8022 58
8023 46
8024 56
8025 49
8026 47
8027 42
8028 28
8029 44
8030 43
8031 52
8032 50
8033 49
8034 59
8035 58
8036 56
8037 51
8038 49
8039 52
8040 47
8041 30
8042 35
8043 25
8044 42
8045 38
8046 52
8047 48
8048 43
8049 47
8050 46
8051 47
8052 38
8053 53
8054 42
8055 32
8056 29
8057 36
8058 40
8059 46
8060 47
8061 28
8062 41
8063 42
8064 45
8065 40
8066 39
8067 43
8068 46
8069 45
8070 48
8071 52
8072 51
8073 44
8074 43
8075 45
8076 42
8077 48
8078 39
8079 44
8080 48
8081 42
8082 44
8083 38
8084 49
8085 51
8086 47
8087 46
8088 48
8089 51
8090 53
8091 49
8092 42
8093 52
8094 58
8095 56
8096 36
8097 47
8098 52
8099 44
8100 49
8101 47
8102 51
8103 42
8104 44
8105 59
8106 42
8107 45
8108 41
8109 44
8110 34
8111 43
8112 46
8113 48
8114 54
8115 40
8116 42
8117 37
8118 34
8119 36
8120 47
8121 41
8122 38
8123 43
8124 48
8125 46
8126 39
8127 56
8128 42
8129 38
8130 40
8131 48
8132 45
8133 40
8134 46
8135 39
8136 34
8137 41
8138 46
8139 50
8140 40
8141 44
8142 37
8143 36
8144 37
8145 41
8146 43
8147 37
8148 46
8149 47
8150 41
8151 36
8152 43
8153 48
8154 45
8155 36
8156 23
8157 40
8158 42
8159 39
8160 39
8161 42
8162 47
8163 47
8164 44
8165 53
8166 46
8167 47
8168 49
8169 49
8170 48
8171 48
8172 35
8173 45
8174 41
8175 37
8176 29
8177 38
8178 45
8179 51
8180 54
8181 41
8182 36
8183 31
8184 36
8185 43
8186 48
8187 57
8188 57
8189 44
8190 29
8191 39
8192 40
8193 41
8194 26
8195 39
8196 51
8197 58
8198 44
8199 50
8200 47
8201 43
8202 43
8203 35
8204 41
8205 46
8206 43
8207 41
8208 42
8209 50
8210 46
8211 51
8212 53
8213 43
8214 51
8215 49
8216 43
8217 41
8218 39
8219 48
8220 56
8221 45
8222 44
8223 50
8224 41
8225 52
8226 53
8227 45
8228 36
8229 42
8230 47
8231 37
8232 45
8233 45
8234 46
8235 47
8236 45
8237 53
8238 45
8239 44
8240 40
8241 52
8242 46
8243 44
8244 54
8245 39
8246 41
8247 44
8248 51
8249 50
8250 53
8251 54
8252 47
8253 50
8254 44
8255 46
8256 39
8257 48
8258 56
8259 39
8260 36
8261 44
8262 47
8263 43
8264 31
8265 44
8266 43
8267 43
8268 42
8269 48
8270 45
8271 49
8272 51
8273 47
8274 45
8275 39
8276 57
8277 52
8278 42
8279 49
8280 42
8281 41
8282 42
8283 29
8284 31
8285 37
8286 35
8287 46
8288 41
8289 35
8290 34
8291 38
8292 49
8293 51
8294 42
8295 37
8296 35
8297 42
8298 38
8299 37
8300 51
8301 43
8302 36
8303 44
8304 50
8305 45
8306 46
8307 46
8308 54
8309 46
8310 43
8311 29
8312 41
8313 32
8314 37
8315 26
8316 29
8317 43
8318 48
8319 53
8320 40
8321 38
8322 42
8323 38
8324 34
8325 54
8326 52
8327 47
8328 48
8329 52
8330 45
8331 37
8332 34
8333 26
8334 40
8335 49
8336 48
8337 42
8338 60
8339 48
8340 42
8341 44
8342 53
8343 47
8344 46
8345 32
8346 41
8347 43
8348 50
8349 46
8350 42
8351 41
8352 52
8353 54
8354 44
8355 39
8356 41
8357 51
8358 50
8359 55
8360 41
8361 35
8362 44
8363 49
8364 39
8365 49
8366 57
8367 55
8368 53
8369 49
8370 42
8371 47
8372 50
8373 50
8374 49
8375 47
8376 44
8377 40
8378 54
8379 42
8380 46
8381 45
8382 52
8383 46
8384 38
8385 35
8386 38
8387 41
8388 44
8389 52
8390 40
8391 27
8392 40
8393 47
8394 47
8395 55
8396 51
8397 40
8398 40
8399 41
8400 41
8401 33
8402 33
8403 42
8404 36
8405 32
8406 45
8407 41
8408 32
8409 36
8410 40
8411 55
8412 44
8413 37
8414 47
8415 48
8416 43
8417 48
8418 53
8419 49
8420 45
8421 46
8422 42
8423 33
8424 42
8425 39
8426 55
8427 51
8428 54
8429 42
8430 33
8431 31
8432 47
8433 45
8434 42
8435 44
8436 48
8437 47
8438 54
8439 43
8440 48
8441 51
8442 61
8443 48
8444 44
8445 32
8446 41
8447 36
8448 28
8449 30
8450 36
8451 47
8452 54
8453 45
8454 45
8455 43
8456 46
8457 46
8458 47
8459 57
8460 52
8461 45
8462 36
8463 33
8464 44
8465 43
8466 40
8467 34
8468 27
8469 39
8470 44
8471 48
8472 48
8473 51
8474 43
8475 35
8476 31
8477 28
8478 37
8479 51
8480 42
8481 54
8482 51
8483 38
8484 25
8485 26
8486 39
8487 45
8488 41
8489 45
8490 42
8491 40
8492 39
8493 47
8494 49
8495 48
8496 47
8497 39
8498 35
8499 45
8500 42
8501 52
8502 45
8503 53
8504 52
8505 42
8506 43
8507 34
8508 39
8509 37
8510 50
8511 40
8512 36
8513 25
8514 30
8515 49
8516 60
8517 54
8518 61
8519 45
8520 33
8521 34
8522 52
8523 51
8524 45
8525 41
8526 40
8527 36
8528 49
8529 31
8530 36
8531 37
8532 41
8533 36
8534 37
8535 52
8536 62
8537 47
8538 50
8539 51
8540 42
8541 42
8542 52
8543 48
8544 45
8545 49
8546 49
8547 53
8548 43
8549 38
8550 41
8551 40
8552 46
8553 44
8554 55
8555 51
8556 50
8557 43
8558 46
8559 50
8560 50
8561 47
8562 58
8563 42
8564 30
8565 40
8566 44
8567 56
8568 54
8569 36
8570 51
8571 48
8572 38
8573 37
8574 40
8575 50
8576 38
8577 47
8578 52
8579 50
8580 54
8581 56
8582 39
8583 48
8584 60
8585 48
8586 46
8587 40
8588 37
8589 48
8590 43
8591 44
8592 44
8593 62
8594 61
8595 42
8596 44
8597 52
8598 49
8599 44
8600 35
8601 40
8602 45
8603 53
8604 33
8605 42
8606 48
8607 38
8608 26
8609 32
8610 43
8611 37
8612 50
8613 54
8614 57
8615 54
8616 51
8617 43
8618 40
8619 41
8620 52
8621 53
8622 56
8623 44
8624 45
8625 48
8626 47
8627 48
8628 56
8629 57
8630 52
8631 55
8632 45
8633 56
8634 54
8635 48
8636 47
8637 47
8638 32
8639 28
8640 48
8641 51
8642 47
8643 50
8644 60
8645 46
8646 45
8647 35
8648 32
8649 39
8650 40
8651 45
8652 51
8653 53
8654 60
8655 46
8656 43
8657 44
8658 33
8659 26
8660 43
8661 37
8662 36
8663 48
8664 40
8665 39
8666 30
8667 41
8668 46
8669 40
8670 37
8671 42
8672 32
8673 51
8674 53
8675 48
8676 50
8677 57
8678 43
8679 42
8680 50
8681 37
8682 38
8683 40
8684 35
8685 36
8686 43
8687 39
8688 40
8689 46
8690 45
8691 43
8692 41
8693 42
8694 40
8695 39
8696 50
8697 48
8698 58
8699 46
8700 45
8701 39
8702 34
8703 36
8704 39
8705 42
8706 50
8707 44
8708 45
8709 43
8710 38
8711 45
8712 50
8713 30
8714 37
8715 40
8716 41
8717 43
8718 45
8719 44
8720 38
8721 30
8722 33
8723 27
8724 25
8725 42
8726 50
8727 39
8728 47
8729 49
8730 43
8731 40
8732 37
8733 41
8734 44
8735 45
8736 52
8737 43
8738 48
8739 43
8740 37
8741 48
8742 42
8743 42
8744 40
8745 39
8746 39
8747 41
8748 37
8749 43
8750 46
8751 40
8752 45
8753 47
8754 44
8755 38
8756 44
8757 38
8758 39
8759 52
8760 46
8761 45
8762 54
8763 50
8764 43
8765 38
8766 50
8767 54
8768 38
8769 44
8770 49
8771 60
8772 44
8773 58
8774 41
8775 42
8776 42
8777 38
8778 33
8779 44
8780 46
8781 47
8782 58
8783 46
8784 45
8785 48
8786 46
8787 45
8788 55
8789 56
8790 46
8791 47
8792 36
8793 48
8794 45
8795 41
8796 45
8797 43
8798 56
8799 53
8800 46
8801 50
8802 42
8803 34
8804 19
8805 18
8806 32
8807 36
8808 46
8809 42
8810 57
8811 60
8812 63
8813 66
8814 48
8815 42
8816 35
8817 40
8818 49
8819 55
8820 52
8821 52
8822 45
8823 38
8824 46
8825 51
8826 38
8827 34
8828 40
8829 43
8830 46
8831 44
8832 40
8833 33
8834 29
8835 43
8836 50
8837 38
8838 46
8839 40
8840 35
8841 43
8842 40
8843 59
8844 48
8845 40
8846 39
8847 37
8848 38
8849 39
8850 46
8851 45
8852 41
8853 35
8854 42
8855 52
8856 32
8857 50
8858 53
8859 46
8860 44
8861 42
8862 50
8863 57
8864 59
8865 47
8866 47
8867 40
8868 43
8869 46
8870 45
8871 32
8872 48
8873 50
8874 42
8875 32
8876 35
8877 39
8878 41
8879 48
8880 40
8881 41
8882 45
8883 53
8884 50
8885 44
8886 43
8887 38
8888 39
8889 38
8890 41
8891 42
8892 28
8893 31
8894 44
8895 38
8896 36
8897 34
8898 41
8899 42
8900 43
8901 49
8902 40
8903 39
8904 47
8905 36
8906 35
8907 42
8908 41
8909 33
8910 36
8911 38
8912 42
8913 38
8914 49
8915 46
8916 38
8917 37
8918 39
8919 45
8920 45
8921 46
8922 45
8923 42
8924 51
8925 37
8926 43
8927 51
8928 35
8929 45
8930 54
8931 62
8932 51
8933 47
8934 35
8935 36
8936 45
8937 43
8938 48
8939 57
8940 58
8941 52
8942 51
8943 45
8944 44
8945 37
8946 47
8947 41
8948 43
8949 40
8950 44
8951 39
8952 21
8953 16
8954 26
8955 36
8956 40
8957 41
8958 41
8959 41
8960 54
8961 51
8962 44
8963 42
8964 47
8965 45
8966 56
8967 63
8968 53
8969 61
8970 52
8971 45
8972 50
8973 53
8974 45
8975 48
8976 40
8977 42
8978 42
8979 39
8980 37
8981 44
8982 47
8983 47
8984 43
8985 46
8986 45
8987 40
8988 39
8989 48
8990 51
8991 46
8992 47
8993 53
8994 52
8995 39
8996 42
8997 54
8998 51
8999 54
9000 46
9001 51
9002 47
9003 52
9004 48
9005 42
9006 44
9007 46
9008 48
9009 52
9010 49
9011 60
9012 53
9013 45
9014 38
9015 44
9016 45
9017 42
9018 46
9019 31
9020 37
9021 39
9022 43
9023 39
9024 46
9025 44
9026 57
9027 53
9028 46
9029 36
9030 30
9031 36
9032 42
9033 36
9034 43
9035 46
9036 40
9037 38
9038 38
9039 46
9040 45
9041 48
9042 44
9043 47
9044 60
9045 58
9046 40
9047 41
9048 48
9049 62
9050 58
9051 41
9052 37
9053 50
9054 33
9055 39
9056 41
9057 44
9058 44
9059 43
9060 37
9061 44
9062 24
9063 21
9064 27
9065 32
9066 41
9067 38
9068 37
9069 46
9070 50
9071 38
9072 31
9073 23
9074 27
9075 35
9076 34
9077 38
9078 47
9079 48
9080 47
9081 55
9082 61
9083 41
9084 39
9085 43
9086 45
9087 26
9088 44
9089 45
9090 44
9091 41
9092 41
9093 46
9094 47
9095 40
9096 45
9097 40
9098 35
9099 44
9100 54
9101 41
9102 32
9103 26
9104 29
9105 42
9106 45
9107 47
9108 50
9109 47
9110 41
9111 42
9112 39
9113 46
9114 38
9115 42
9116 38
9117 43
9118 44
9119 48
9120 39
9121 43
9122 46
9123 50
9124 41
9125 59
9126 60
9127 43
9128 46
9129 43
9130 41
9131 47
9132 44
9133 49
9134 41
9135 47
9136 51
9137 58
9138 55
9139 48
9140 40
9141 42
9142 48
9143 51
9144 55
9145 39
9146 37
9147 43
9148 57
9149 50
9150 45
9151 55
9152 52
9153 56
9154 48
9155 45
9156 52
9157 38
9158 48
9159 52
9160 54
9161 54
9162 44
9163 44
9164 35
9165 32
9166 31
9167 50
9168 53
9169 44
9170 52
9171 42
9172 50
9173 45
9174 40
9175 47
9176 41
9177 29
9178 41
9179 39
9180 28
9181 35
9182 42
9183 53
9184 53
9185 41
9186 44
9187 33
9188 34
9189 47
9190 39
9191 42
9192 40
9193 45
9194 48
9195 45
9196 47
9197 29
9198 41
9199 35
9200 38
9201 40
9202 44
9203 49
9204 48
9205 42
9206 42
9207 51
9208 47
9209 49
9210 44
9211 44
9212 51
9213 40
9214 37
9215 42
9216 40
9217 48
9218 49
9219 51
9220 44
9221 53
9222 48
9223 52
9224 44
9225 33
9226 25
9227 40
9228 46
9229 33
9230 36
9231 44
9232 46
9233 40
9234 38
9235 36
9236 40
9237 48
9238 40
9239 46
9240 52
9241 44
9242 46
9243 61
9244 61
9245 43
9246 53
9247 42
9248 46
9249 45
9250 43
9251 36
9252 46
9253 43
9254 43
9255 45
9256 50
9257 35
9258 33
9259 53
9260 52
9261 38
9262 52
9263 45
9264 46
9265 54
9266 42
9267 46
9268 49
9269 37
9270 52
9271 48
9272 46
9273 45
9274 47
9275 45
9276 42
9277 38
9278 37
9279 46
9280 42
9281 46
9282 47
9283 38
9284 38
9285 50
9286 46
9287 41
9288 43
9289 45
9290 58
9291 40
9292 51
9293 45
9294 38
9295 39
9296 42
9297 48
9298 48
9299 50
9300 50
9301 52
9302 53
9303 46
9304 51
9305 43
9306 30
9307 41
9308 39
9309 27
9310 10
9311 26
9312 36
9313 45
9314 40
9315 51
9316 49
9317 55
9318 39
9319 41
9320 57
9321 62
9322 53
9323 42
9324 40
9325 44
9326 43
9327 47
9328 45
9329 46
9330 36
9331 41
9332 46
9333 45
9334 36
9335 44
9336 40
9337 34
9338 41
9339 45
9340 53
9341 42
9342 51
9343 45
9344 43
9345 51
9346 49
9347 52
9348 46
9349 52
9350 47
9351 48
9352 49
9353 44
9354 48
9355 39
9356 41
9357 34
9358 28
9359 23
9360 14
9361 15
9362 26
9363 27
9364 44
9365 43
9366 40
9367 48
9368 46
9369 43
9370 50
9371 51
9372 58
9373 48
9374 53
9375 55
9376 45
9377 49
9378 43
9379 36
9380 45
9381 42
9382 34
9383 31
9384 47
9385 38
9386 35
9387 30
9388 47
9389 50
9390 44
9391 42
9392 43
9393 48
9394 49
9395 51
9396 45
9397 43
9398 31
9399 38
9400 26
9401 41
9402 41
9403 48
9404 46
9405 34
9406 39
9407 55
9408 40
9409 41
9410 42
9411 37
9412 28
9413 41
9414 42
9415 43
9416 53
9417 40
9418 44
9419 37
9420 43
9421 45
9422 49
9423 35
9424 50
9425 47
9426 50
9427 51
9428 52
9429 47
9430 52
9431 53
9432 49
9433 57
9434 63
9435 61
9436 60
9437 47
9438 39
9439 46
9440 62
9441 58
9442 47
9443 48
9444 39
9445 40
9446 54
9447 53
9448 46
9449 42
9450 50
9451 36
9452 33
9453 18
9454 28
9455 35
9456 42
9457 51
9458 54
9459 44
9460 49
9461 51
9462 44
9463 52
9464 33
9465 40
9466 45
9467 43
9468 48
9469 44
9470 41
9471 46
9472 52
9473 49
9474 51
9475 44
9476 48
9477 47
9478 49
9479 46
9480 56
9481 51
9482 49
9483 43
9484 48
9485 63
9486 55
9487 48
9488 48
9489 36
9490 41
9491 40
9492 51
9493 48
9494 55
9495 49
9496 44
9497 50
9498 49
9499 46
9500 44
9501 47
9502 44
9503 53
9504 40
9505 47
9506 51
9507 42
9508 42
9509 49
9510 34
9511 31
9512 33
9513 40
9514 44
9515 40
9516 47
9517 55
9518 39
9519 33
9520 39
9521 53
9522 56
9523 49
9524 52
9525 41
9526 32
9527 38
9528 43
9529 58
9530 52
9531 51
9532 48
9533 54
9534 44
9535 46
9536 41
9537 44
9538 50
9539 43
9540 44
9541 55
9542 54
9543 39
9544 41
9545 46
9546 46
9547 37
9548 48
9549 49
9550 46
9551 37
9552 42
9553 32
9554 34
9555 49
9556 42
9557 44
9558 49
9559 46
9560 35
9561 34
9562 32
9563 39
9564 51
9565 31
9566 35
9567 46
9568 47
9569 63
9570 52
9571 45
9572 54
9573 52
9574 43
9575 41
9576 38
9577 35
9578 41
9579 49
9580 41
9581 35
9582 41
9583 40
9584 41
9585 49
9586 46
9587 48
9588 44
9589 42
9590 35
9591 44
9592 47
9593 46
9594 36
9595 41
9596 46
9597 39
9598 35
9599 37
9600 39
9601 53
9602 51
9603 32
9604 44
9605 58
9606 49
9607 46
9608 48
9609 48
9610 41
9611 45
9612 56
9613 57
9614 50
9615 44
9616 30
9617 33
9618 32
9619 36
9620 37
9621 36
9622 30
9623 42
9624 47
9625 47
9626 35
9627 35
9628 34
9629 31
9630 22
9631 36
9632 46
9633 54
9634 47
9635 49
9636 50
9637 33
9638 41
9639 54
9640 50
9641 59
9642 52
9643 49
9644 45
9645 43
9646 47
9647 46
9648 39
9649 24
9650 21
9651 41
9652 44
9653 51
9654 59
9655 49
9656 39
9657 48
9658 42
9659 34
9660 37
9661 41
9662 45
9663 44
9664 42
9665 51
9666 50
9667 40
9668 43
9669 41
9670 43
9671 45
9672 47
9673 37
9674 40
9675 59
9676 51
9677 47
9678 43
9679 38
9680 47
9681 28
9682 8
9683 19
9684 21
9685 25
9686 26
9687 36
9688 38
9689 50
9690 37
9691 32
9692 39
9693 29
9694 48
9695 40
9696 37
9697 54
9698 53
9699 46
9700 58
9701 58
9702 51
9703 37
9704 45
9705 50
9706 42
9707 46
9708 42
9709 43
9710 47
9711 43
9712 36
9713 37
9714 29
9715 26
9716 36
9717 51
9718 46
9719 52
9720 53
9721 39
9722 49
9723 40
9724 42
9725 46
9726 55
9727 54
9728 46
9729 39
9730 41
9731 23
9732 37
9733 50
9734 58
9735 52
9736 39
9737 45
9738 52
9739 58
9740 51
9741 31
9742 51
9743 51
9744 46
9745 44
9746 43
9747 50
9748 44
9749 28
9750 37
9751 40
9752 47
9753 28
9754 35
9755 37
9756 41
9757 49
9758 58
9759 45
9760 49
9761 47
9762 49
9763 45
9764 50
9765 40
9766 41
9767 47
9768 57
9769 51
9770 47
9771 44
9772 48
9773 50
9774 34
9775 46
9776 48
9777 32
9778 28
9779 29
9780 40
9781 50
9782 52
9783 52
9784 54
9785 51
9786 34
9787 33
9788 34
9789 25
9790 29
9791 41
9792 37
9793 46
9794 57
9795 54
9796 51
9797 50
9798 56
9799 47
9800 49
9801 38
9802 35
9803 27
9804 29
9805 32
9806 35
9807 42
9808 35
9809 38
9810 27
9811 40
9812 43
9813 50
9814 47
9815 42
9816 47
9817 52
9818 54
9819 46
9820 47
9821 46
9822 47
9823 39
9824 36
9825 46
9826 43
9827 45
9828 46
9829 37
9830 23
9831 35
9832 41
9833 37
9834 44
9835 45
9836 51
9837 40
9838 30
9839 41
9840 47
9841 37
9842 33
9843 49
9844 36
9845 44
9846 53
9847 39
9848 46
9849 59
9850 51
9851 46
9852 44
9853 41
9854 46
9855 62
9856 46
9857 43
9858 42
9859 41
9860 43
9861 49
9862 38
9863 41
9864 50
9865 48
9866 41
9867 50
9868 53
9869 43
9870 53
9871 51
9872 45
9873 38
9874 38
9875 42
9876 43
9877 28
9878 26
9879 39
9880 44
9881 49
9882 53
9883 40
9884 54
9885 52
9886 38
9887 51
9888 55
9889 53
9890 49
9891 35
9892 37
9893 39
9894 36
9895 33
9896 46
9897 45
9898 41
9899 46
9900 40
9901 42
9902 44
9903 39
9904 45
9905 32
9906 38
9907 47
9908 45
9909 45
9910 43
9911 41
9912 47
9913 33
9914 38
9915 47
9916 46
9917 35
9918 34
9919 51
9920 58
9921 58
9922 47
9923 45
9924 50
9925 54
9926 44
9927 46
9928 41
9929 48
9930 35
9931 42
9932 44
9933 43
9934 36
9935 35
9936 45
9937 39
9938 41
9939 39
9940 42
9941 44
9942 34
9943 46
9944 43
9945 40
9946 45
9947 48
9948 46
9949 51
9950 56
9951 53
9952 51
9953 45
9954 43
9955 39
9956 26
9957 34
9958 53
9959 43
9960 51
9961 47
9962 44
9963 46
9964 48
9965 59
9966 49
9967 42
9968 46
9969 53
9970 50
9971 48
9972 35
9973 28
9974 37
9975 41
9976 50
9977 39
9978 38
9979 39
9980 43
9981 33
9982 29
9983 27
9984 16
9985 28
9986 46
9987 42
9988 52
9989 54
9990 40
9991 52
9992 51
9993 42
9994 52
9995 47
9996 48
9997 46
9998 31
9999 42

Execution Time: 12.307 ms
